10 11 12 13 14 15 16 17 18 19 20 21 22 23 24 25
2 3 4 5 6 7 8 9 10 11 12 13 14 15 16 17 18 19 20 21 22 23 24

96.259 36.902 26.521 24.427 22.799 21.052 20.832 20.105 0.0 0.0 0.0 0.0 0.0 0.0 0.0 0.0 0.0 0.0 0.0 0.0 0.0 0.0 0.0
113.767 44.379 32.043 28.059 26.465 26.022 24.786 24.053 24.197 0.0 0.0 0.0 0.0 0.0 0.0 0.0 0.0 0.0 0.0 0.0 0.0 0.0 0.0
128.543 54.798 36.761 32.991 30.435 29.929 28.258 27.946 27.473 27.334 0.0 0.0 0.0 0.0 0.0 0.0 0.0 0.0 0.0 0.0 0.0 0.0 0.0
146.566 61.983 44.291 37.58 35.568 34.073 32.766 32.12 31.881 32.131 30.412 0.0 0.0 0.0 0.0 0.0 0.0 0.0 0.0 0.0 0.0 0.0 0.0
162.59 73.79 51.253 44.227 39.771 39.372 36.736 36.102 35.065 35.566 34.664 35.036 0.0 0.0 0.0 0.0 0.0 0.0 0.0 0.0 0.0 0.0 0.0
176.454 86.561 58.479 48.368 44.779 41.883 42.972 41.096 40.192 39.152 38.926 38.27 38.507 0.0 0.0 0.0 0.0 0.0 0.0 0.0 0.0 0.0 0.0
191.806 99.374 65.042 54.975 49.84 48.195 46.882 45.809 44.443 44.232 43.451 42.732 43.303 41.674 0.0 0.0 0.0 0.0 0.0 0.0 0.0 0.0 0.0
208.903 108.888 72.132 61.229 55.779 52.913 51.338 50.114 48.831 48.029 48.833 47.706 47.5 46.231 44.902 0.0 0.0 0.0 0.0 0.0 0.0 0.0 0.0
229.364 118.775 79.408 65.35 61.011 57.517 56.748 54.581 54.58 53.462 51.99 53.161 51.241 52.133 51.004 50.543 0.0 0.0 0.0 0.0 0.0 0.0 0.0
236.313 132.354 86.728 72.668 65.6 61.811 60.617 59.505 56.965 56.481 57.306 56.284 56.203 54.951 55.422 54.993 54.934 0.0 0.0 0.0 0.0 0.0 0.0
246.931 140.768 94.623 78.326 71.702 70.593 65.483 63.308 62.601 60.882 60.606 59.789 59.698 60.28 59.162 58.655 57.907 58.545 0.0 0.0 0.0 0.0 0.0
256.811 153.067 105.471 84.631 77.262 72.357 69.959 68.832 67.674 67.544 66.411 65.578 63.285 62.877 63.697 62.908 63.254 62.836 61.786 0.0 0.0 0.0 0.0
258.475 159.681 111.105 91.359 83.578 77.766 77.816 74.651 71.317 71.094 70.774 71.149 69.758 69.956 68.757 67.001 67.216 67.819 67.165 66.687 0.0 0.0 0.0
270.456 174.343 121.245 98.385 89.842 82.471 81.847 79.739 76.436 75.675 74.539 75.634 74.115 73.532 73.812 71.941 72.988 71.596 71.139 71.196 70.761 0.0 0.0
269.294 184.685 129.941 104.977 94.528 90.245 86.911 84.142 81.085 81.673 79.339 79.198 81.131 77.643 77.833 76.63 75.825 75.93 75.576 75.601 74.522 76.399 0.0
276.609 191.037 132.457 114.006 98.795 97.546 90.338 91.234 88.927 87.212 85.781 83.975 81.977 82.863 81.493 82.821 81.208 81.088 81.251 80.007 79.432 79.86 79.522