0.0 0.2 0.4 0.6000000000000001 0.8 1.0 1.2 1.4 1.5999999999999999 1.7999999999999998 1.9999999999999998 2.1999999999999997 2.4 2.6 2.8000000000000003 3.0000000000000004
2 3 4 5 6 7 8 9 10 11 12 13 14 15 16 17 18 19

585.08 556.846 543.73 530.16 520.478 489.99 476.168 455.484 412.562 416.154 391.704 378.23 366.59 327.342 318.392 299.706
300.296 271.782 245.904 222.768 236.01 202.9 187.184 173.934 160.97 162.628 146.134 136.444 128.28 122.04 119.13 121.784
207.172 183.362 177.16 156.514 152.844 143.72 140.486 120.53 123.198 118.844 107.524 104.538 101.496 98.232 90.87 94.27
183.348 170.916 145.136 140.594 136.642 130.102 122.956 114.28 118.11 106.242 103.998 96.772 96.816 95.48 88.506 91.896
160.318 144.804 137.626 131.53 129.144 114.088 114.666 110.156 99.278 97.072 101.014 101.914 106.93 94.142 91.31 88.39
139.982 138.086 132.984 128.024 119.332 118.996 98.59 112.648 99.506 95.764 94.762 95.724 89.936 90.296 96.434 87.3
146.574 142.934 127.848 117.856 110.338 113.042 105.336 104.894 104.182 100.472 104.11 91.21 83.588 94.12 90.77 92.352
122.454 118.462 111.12 116.41 117.996 112.64 110.8 103.494 99.31 101.028 101.174 97.878 94.144 88.996 95.958 90.074
124.748 121.598 125.596 115.624 108.426 102.678 108.066 102.68 112.098 100.664 101.664 92.672 95.954 91.912 94.754 93.278
131.256 112.984 122.994 114.544 110.476 118.812 109.846 113.432 106.668 99.476 101.444 95.758 96.496 91.004 98.18 89.49
126.754 129.012 127.59 116.572 114.04 112.628 117.868 104.928 110.514 106.374 101.452 102.526 103.95 100.192 98.11 89.204
127.608 121.18 119.108 118.966 110.136 115.87 105.886 110.076 104.672 105.788 103.564 101.204 96.374 98.578 97.438 94.154
126.766 123.438 117.886 121.886 113.742 116.56 109.232 113.912 99.934 106.648 102.574 108.106 106.304 106.664 109.514 96.752
120.77 122.57 115.994 121.226 121.174 119.758 111.088 114.124 112.64 108.864 108.422 104.186 109.6 110.298 110.224 105.456
116.004 124.952 126.416 110.954 111.75 113.688 114.882 111.098 108.528 110.554 117.13 103.766 105.974 107.58 110.798 110.712
124.308 118.89 111.318 117.322 109.09 112.084 119.15 124.95 119.476 110.824 116.092 110.222 117.088 113.86 110.51 108.934
127.812 121.934 116.224 119.406 116.704 116.314 122.342 118.332 117.256 120.34 129.646 114.684 110.742 121.694 106.962 116.574
120.216 121.634 121.948 128.124 125.736 120.112 126.198 113.416 123.818 128.312 122.246 117.846 134.512 124.022 119.094 124.582