0.0 0.2 0.4 0.6000000000000001 0.8 1.0 1.2 1.4 1.5999999999999999 1.7999999999999998 1.9999999999999998 2.1999999999999997 2.4 2.6 2.8000000000000003 3.0000000000000004
3 4 5 6 7 8 9 10 11 12 13 14 15 16 17 18 19

445.8426 420.9273 409.5343 394.924 380.9146 377.5651 370.4508 363.1073 366.4708 361.639 366.0416 365.0946 366.9841 365.4777 367.0588 374.7541
298.3931 284.6183 276.4541 270.0725 264.4718 263.1076 261.553 260.2651 262.2848 273.7547 273.4111 278.231 286.5166 290.9175 297.0787 301.49
248.1879 239.0054 236.6353 230.2452 223.5042 222.7125 222.9431 222.8256 219.6696 227.1194 232.5719 239.6705 243.685 250.051 256.6683 261.7361
225.9173 219.5672 216.2563 209.718 203.6899 202.4664 200.3516 202.3707 202.2717 201.3645 205.4463 211.627 214.0979 221.923 226.9954 232.3678
210.5229 209.9619 205.0535 196.8022 195.2024 193.3653 189.5121 189.463 191.276 189.4223 192.9148 192.7523 198.4881 201.5116 208.9278 214.2371
204.2553 197.1755 193.9703 190.5887 188.2241 184.7737 183.8265 182.3823 181.0924 184.0397 182.7051 185.4644 188.5501 189.7762 195.439 198.8151
196.164 190.94 188.6247 188.1683 182.0884 180.48 178.79 179.5024 177.4061 175.7203 178.1193 180.7646 180.1932 184.3354 184.6021 194.4978
193.3785 187.8705 183.34 179.507 178.5201 176.0846 175.4388 174.5751 174.7826 172.8162 174.6928 172.5891 177.0756 177.3859 177.0493 184.1388
186.2683 185.7584 181.8965 178.0554 178.9884 174.5193 175.8407 174.6568 171.3723 171.0411 170.0252 171.8209 172.2822 172.7464 176.2229 175.7128
183.0803 182.9838 179.6696 173.3874 174.8179 173.1997 170.9241 170.513 169.0702 167.6638 171.3955 172.0452 171.0612 171.3432 173.9498 174.3621
183.6753 179.679 176.1622 176.3526 175.2453 172.3989 173.4026 171.1325 168.9011 169.4026 167.7928 168.7768 167.8484 171.5396 171.6843 172.6357
179.6916 178.3948 176.4112 175.1184 172.5672 171.7693 170.631 169.7846 170.9098 170.2057 168.4934 169.5664 169.0032 169.8341 169.743 172.4565
180.3332 176.7596 174.5066 176.551 172.861 170.0908 171.7635 170.3001 168.7986 167.7255 168.1796 166.8456 168.6396 169.4967 169.5709 170.7896
176.1889 178.2457 173.7682 171.6279 175.8314 170.655 171.6817 170.8062 170.4142 172.66 168.0023 172.3439 169.3618 169.5999 170.8856 170.0706
174.4065 173.8117 174.2464 173.6338 172.8375 172.0474 170.5648 172.8585 168.3532 172.6143 172.8214 171.5705 171.0469 171.5142 170.8077 170.0667
174.5329 175.4843 172.5739 173.3685 172.273 170.6703 170.3666 172.1635 175.3958 173.3182 170.7043 174.4254 172.5178 170.9232 173.2248 175.8057
173.789 172.1743 173.846 169.7805 170.8616 174.8161 173.0055 173.9545 174.3478 172.5034 175.8856 173.4466 175.7216 175.0834 174.8908 180.1279