0.0 0.2 0.4 0.6000000000000001 0.8 1.0 1.2 1.4 1.5999999999999999 1.7999999999999998 1.9999999999999998 2.1999999999999997 2.4 2.6 2.8000000000000003 3.0000000000000004
2 3 4 5 6 7 8 9 10 11 12 13 14 15 16 17 18 19

781.664 771.458 773.834 767.886 765.71 775.888 772.732 758.636 766.156 749.584 761.202 760.654 760.088 753.764 757.72 738.884
645.368 634.246 642.238 641.346 623.826 618.796 632.674 607.788 611.584 637.838 612.042 618.752 617.316 606.238 615.116 605.988
539.402 535.252 529.134 521.228 536.102 526.876 524.596 536.814 538.04 533.854 516.394 568.068 552.24 539.418 557.96 557.762
456.556 457.79 468.934 472.722 476.418 483.044 471.154 484.684 494.196 496.792 491.228 501.336 522.224 511.92 513.018 511.21
410.16 422.62 417.938 418.464 427.08 433.936 439.676 444.444 452.06 434.846 465.052 453.954 498.746 475.51 469.312 479.544
416.688 404.868 392.434 393.038 411.428 397.59 402.824 423.344 402.524 416.536 435.496 438.768 435.602 449.192 445.01 464.552
376.862 388.35 379.642 374.348 391.116 379.842 393.798 393.69 404.24 394.522 414.996 417.756 419.016 434.688 427.182 443.526
366.324 365.402 387.536 378.168 359.932 367.794 374.584 364.972 387.42 386.462 381.358 388.43 425.37 409.312 442.77 424.686
350.382 352.49 345.08 352.51 359.542 364.476 362.47 370.038 370.782 385.048 382.774 374.726 394.116 377.532 409.26 409.226
354.02 347.926 343.46 340.758 351.856 352.386 354.696 352.4 359.136 351.41 349.528 365.904 373.948 373.688 395.354 397.356
345.028 349.848 347.69 326.26 332.82 347.562 350.816 343.498 346.67 337.942 347.656 361.158 374.336 371.61 358.31 388.118
333.016 342.498 342.656 341.56 355.546 343.134 333.798 355.33 346.186 328.738 330.29 361.67 341.042 352.962 376.54 366.056
338.62 329.864 343.026 342.85 334.684 332.494 324.118 337.324 336.09 343.248 347.994 342.68 336.966 349.5 366.574 349.396
331.57 318.274 325.81 336.304 328.3 330.856 331.536 346.32 328.404 333.814 338.832 333.222 342.442 345.248 342.382 339.798
331.374 342.022 331.108 322.16 326.386 329.534 325.702 320.75 325.854 330.534 326.89 321.262 332.446 333.804 325.644 328.846
336.89 320.312 328.792 329.284 327.656 323.356 326.314 334.446 328.008 331.224 325.172 328.104 328.234 307.31 321.778 327.318
332.906 335.006 318.51 320.87 321.888 331.808 335.882 315.04 318.444 316.474 325.36 325.112 326.012 322.606 344.696 326.146
330.494 315.306 325.996 326.668 329.844 332.862 328.376 322.376 326.222 318.226 324.64 335.772 321.284 331.948 321.968 326.756