0.0 0.2 0.4 0.6000000000000001 0.8 1.0 1.2 1.4 1.5999999999999999 1.7999999999999998 1.9999999999999998 2.1999999999999997 2.4 2.6 2.8000000000000003 3.0000000000000004
2 3 4 5 6 7 8 9 10 11 12 13 14 15 16 17 18 19

797.992 797.168 795.636 796.73 798.426 794.602 796.638 796.556 798.016 794.87 792.482 787.128 790.692 791.11 790.52 786.546
724.698 719.998 692.716 708.494 709.334 690.91 707.668 699.428 662.296 666.688 679.052 664.542 674.956 671.976 658.028 636.438
670.246 658.556 657.782 653.084 653.804 661.814 640.888 653.184 643.23 633.296 615.612 623.04 631.504 624.95 629.35 616.056
622.046 605.67 610.892 611.6 588.694 604.676 610.776 612.55 614.482 600.676 585.106 605.974 623.19 618.524 596.052 617.746
556.502 549.074 562.686 558.73 549.66 554.06 559.018 563.254 553.258 554.462 535.148 558.974 563.386 567.956 547.758 557.432
530.986 533.368 518.448 544.796 533.434 522.914 532.72 531.262 544.912 557.636 528.218 521.002 546.618 539.85 534.732 564.804
485.248 471.172 475.424 459.604 492.234 480.576 484.39 482.058 487.526 467.912 514.766 502.488 492.492 540.262 500.152 513.246
484.114 500.116 489.248 493.084 493.064 485.732 487.91 480.846 497.15 508.046 508.924 519.52 500.032 508.95 512.732 498.554
484.346 477.7 480.042 484.368 491.738 486.672 486.318 472.918 492.962 494.91 496.426 495.83 476.536 486.718 514.946 495.442
459.67 466.678 468.902 475.454 474.544 472.496 462.938 479.774 474.254 457.172 477.648 478.194 479.692 496.864 502.048 496.904
469.288 460.904 460.958 476.254 479.168 454.572 458.708 470.996 468.48 477.398 467.57 491.156 479.666 484.708 490.09 477.23
471.572 474.55 464.904 472.96 473.62 476.038 474.378 474.278 468.502 495.77 472.902 489.054 477.482 478.204 463.386 470.198
458.312 434.926 449.968 457.594 455.566 453.474 451.96 446.848 445.794 460.244 459.482 437.086 473.126 462.076 448.024 462.128
429.21 427.684 427.918 437.456 443.454 423.41 430.144 425.468 443.994 423.778 436.942 431.216 425.834 444.558 440.224 432.464
450.398 454.538 439.348 455.86 435.142 436.104 438.22 444.224 439.276 454.752 446.926 437.15 438.856 443.312 435.794 449.736
425.19 453.83 434.996 438.068 450.34 432.574 454.156 452.456 446.91 433.514 439.114 433.724 420.17 438.772 444.144 448.426
424.99 436.846 438.062 444.562 428.642 431.368 430.498 421.772 439.562 423.502 441.32 431.898 442.622 433.324 416.462 423.598
451.11 442.086 434.502 455.608 443.3 441.116 436.118 445.218 440.698 435.064 454.062 439.482 449.962 419.786 424.64 421.716