0.0 0.2 0.4 0.6000000000000001 0.8 1.0 1.2 1.4 1.5999999999999999 1.7999999999999998 1.9999999999999998 2.1999999999999997 2.4 2.6 2.8000000000000003 3.0000000000000004
2 3 4 5 6 7 8 9 10 11 12 13 14 15 16 17 18 19

624.8 622.7 647.134 623.196 612.69 625.208 594.09 577.58 603.344 576.682 574.046 573.606 553.704 523.856 533.38 551.9
336.436 330.518 342.112 329.116 334.766 314.462 326.824 348.034 356.646 330.962 329.982 332.762 333.432 352.424 352.434 368.336
235.552 243.84 245.41 251.252 233.638 235.106 228.674 246.304 241.944 248.296 265.73 273.88 272.788 266.174 294.184 300.106
196.92 207.164 205.268 193.324 203.84 203.182 205.3 191.46 193.644 212.954 213.952 233.612 218.694 238.898 244.034 258.07
193.792 183.196 175.416 173.324 163.92 174.484 183.192 164.688 181.466 190.434 178.324 187.676 207.752 205.196 227.398 215.596
176.4 161.746 158.086 158.38 172.284 166.572 169.7 173.178 166.95 174.48 184.258 185.71 189.174 199.638 197.878 218.58
166.698 168.812 152.912 167.224 167.448 151.956 176.498 162.812 163.19 167.46 157.634 176.422 172.03 174.97 181.54 189.788
161.994 154.928 145.928 149.148 158.312 154.702 154.544 157.592 159.078 163.158 157.226 171.612 173.506 183.472 176.456 168.81
152.3 159.02 145.254 146.104 156.506 154.93 155.87 157.408 153.99 145.926 154.924 150.236 159.324 167.976 161.404 181.474
149.472 157.918 146.958 147.236 150.882 146.606 152.456 156.444 148.458 164.528 144.54 149.682 149.946 151.88 167.528 168.758
157.294 154.816 159.232 145.92 148.412 155.378 148.638 136.998 144.634 151.334 152.734 152.36 153.208 162.676 155.09 150.566
143.084 154.858 141.626 139.942 142.696 149.504 139.212 142.708 151.518 144.654 147.064 150.314 148.656 156.328 157.028 144.912
150.428 148.764 145.788 145.0 144.96 146.62 150.112 136.252 136.298 156.122 156.36 141.578 151.744 145.456 151.578 151.33
136.472 146.444 145.044 136.882 138.986 139.22 138.812 138.156 135.252 139.886 149.584 140.466 141.788 149.49 136.448 142.694
144.536 143.1 140.936 146.624 136.114 144.322 134.746 148.058 142.532 152.322 144.38 142.908 142.418 156.01 141.894 141.198
137.562 142.706 147.508 141.134 133.394 141.742 147.818 142.31 141.98 145.276 148.206 145.138 157.38 142.286 138.904 148.384
138.402 142.764 142.6 138.632 137.334 146.286 150.214 143.03 130.024 142.722 139.626 143.458 140.726 140.956 141.562 140.722
150.474 138.23 148.33 143.324 142.83 131.998 146.272 143.778 137.17 147.798 143.49 143.64 143.616 146.832 143.688 147.456