0.0 0.2 0.4 0.6000000000000001 0.8 1.0 1.2 1.4 1.5999999999999999 1.7999999999999998 1.9999999999999998 2.1999999999999997 2.4 2.6 2.8000000000000003 3.0000000000000004
3 4 5 6 7 8 9 10 11 12 13 14 15 16 17 18 19

434.5148 411.7325 393.4625 380.376 371.9444 356.0482 350.5091 349.5091 341.384 331.4454 333.0725 327.2537 327.9107 324.9765 330.4965 334.5956
297.6389 281.4998 272.3993 262.1265 254.4865 250.5184 248.5141 249.2555 250.6135 245.2459 250.3336 251.8473 253.9088 266.2967 265.194 272.0283
248.3704 240.3606 231.7899 226.1267 219.5522 215.5 210.2574 205.3572 208.9551 211.723 210.9234 216.1733 216.3212 222.6483 230.6681 237.3037
226.9134 213.6204 212.311 204.5103 201.4155 194.6806 195.0409 193.3904 190.7516 187.4879 194.8117 192.3841 198.2119 200.8974 207.2235 211.1752
213.1449 205.0402 198.4567 196.0299 190.5598 184.8028 186.8585 181.8095 179.3252 180.4644 178.0941 180.9957 183.7322 189.8895 194.5734 196.1993
202.7698 197.7409 191.7524 186.8215 184.3974 179.655 176.3628 176.7774 173.5022 170.9828 173.8561 177.3787 174.5779 177.3441 182.2303 188.2373
193.8575 191.8644 185.3809 180.3321 179.3966 178.5459 172.3427 172.1731 171.1461 170.6351 169.4419 167.6644 174.0682 173.8888 175.218 174.4109
191.8059 187.6071 182.4065 178.4139 174.4054 173.2215 171.4602 171.0261 167.1749 164.1532 166.983 167.0267 166.2234 169.5389 169.6186 173.7228
189.9904 182.6171 179.4219 176.0298 174.0571 169.3619 170.5954 167.2165 167.6657 163.8912 163.4862 165.4675 165.1564 168.826 168.8039 169.1178
186.7505 180.5355 179.5474 176.8254 172.6702 168.8008 169.9544 167.0672 166.5119 167.6073 163.9154 164.159 164.4013 163.1003 165.8288 166.6787
182.9731 178.1239 176.8589 172.5706 170.5962 170.2497 167.5899 168.3993 168.1704 164.2512 163.806 163.6411 165.2911 165.5606 166.2048 163.9406
179.4782 178.1601 174.6912 172.2237 169.209 169.6524 168.0521 167.1118 164.8328 166.6924 165.4981 165.3565 164.8301 165.6061 163.8938 164.5357
178.1045 176.2485 174.4597 172.2798 170.886 168.7042 168.6843 167.9444 168.0869 167.8508 168.1947 167.011 168.4637 166.7644 167.4047 166.9473
179.3024 175.2593 174.3353 172.7272 172.6961 170.9346 169.8355 171.5079 169.5259 168.8891 165.9603 167.0262 169.2891 169.012 168.7769 168.6791
176.8504 173.852 175.3056 173.0584 171.7687 170.3994 171.8488 170.7897 170.4531 169.7812 169.2843 170.8338 171.0201 170.9904 171.4567 172.7649
174.1276 174.2827 174.1485 172.6699 171.6962 173.8903 173.6444 173.9639 172.9394 171.9752 170.9159 171.0623 170.2987 172.3344 171.5893 172.6993
173.0254 170.7573 173.6489 173.2551 171.0077 173.7441 174.2484 173.8774 172.3629 173.7943 175.9384 175.2147 173.6605 175.4743 173.6768 172.948