0.0 0.2 0.4 0.6000000000000001 0.8 1.0 1.2 1.4 1.5999999999999999 1.7999999999999998 1.9999999999999998 2.1999999999999997 2.4 2.6 2.8000000000000003 3.0000000000000004
3 4 5 6 7 8 9 10 11 12 13 14 15 16 17 18 19

438.2632 413.0374 390.9745 373.9327 359.0227 345.9582 332.0019 321.1709 319.4386 300.9462 300.9355 293.3704 291.3562 287.1336 289.433 286.9081
295.619 281.606 268.6848 256.572 248.6462 241.3227 233.2745 230.0131 229.5126 227.9328 228.2525 220.9438 225.4903 232.591 230.2347 234.3304
248.2923 240.5202 230.8199 218.6668 213.3072 206.6113 201.0814 198.3909 192.678 194.9106 192.2996 193.7899 202.9915 201.6261 205.0095 204.6535
225.9278 218.8119 211.1068 202.1296 199.026 188.0688 187.2513 185.9351 182.6921 181.6892 180.4442 179.1769 179.4282 184.0621 185.5199 188.0516
211.7185 205.2043 199.3678 190.5975 187.8927 181.5535 178.759 173.162 172.1764 168.3313 169.1444 166.9826 170.8451 169.3835 174.108 177.0245
201.831 196.7705 190.6461 183.8336 178.1856 175.323 174.6443 170.708 168.5049 165.4287 166.4367 161.858 164.0761 165.9796 166.8271 165.7885
197.1583 187.7582 187.6448 178.5308 178.2924 172.9048 169.6311 164.2343 164.9069 161.097 161.7992 162.5671 160.8097 161.2136 161.1042 164.6734
191.9745 184.791 178.6379 175.2454 170.6083 169.0042 167.9971 165.9068 163.8433 159.2082 161.3419 157.3983 157.3267 158.2944 158.2953 160.2269
188.6717 181.6108 179.6372 173.7265 171.879 169.4384 165.3392 163.2588 162.1619 160.7136 158.4792 156.3735 156.6402 156.4049 158.2384 157.9258
183.4002 183.6039 177.9407 172.9324 169.2084 166.5809 164.321 164.1517 162.4319 159.0037 158.5869 158.4936 156.534 156.9392 158.4256 160.1459
183.0707 178.8988 176.3228 171.7769 168.2639 168.566 167.0467 164.6375 160.651 158.1271 162.1381 157.09 160.416 157.0529 157.661 160.9374
181.7232 178.0775 174.6208 171.8196 169.1105 168.2469 166.101 164.9806 163.1434 163.8617 161.6627 161.1445 159.5161 159.2995 158.322 158.1234
181.0404 175.6375 175.6021 171.8527 172.2089 169.8005 166.2933 166.4538 164.4605 163.8107 162.6178 162.7136 163.1242 163.1425 164.0875 164.7114
178.1329 175.7574 174.2567 174.1723 170.5845 168.6716 167.7415 169.2626 167.6865 167.3481 166.5574 167.409 163.6924 164.7308 163.3732 164.5657
175.1123 171.9874 174.6055 172.0442 172.8987 171.836 169.975 168.7624 169.0247 169.4081 167.1167 168.157 167.7977 168.6164 167.9262 167.1591
174.8893 172.7926 173.9257 173.5005 170.9298 172.1763 173.0979 172.2962 171.3054 171.5616 171.8887 167.0303 169.6442 172.5763 172.789 172.0118
173.2455 174.0774 174.2681 174.4847 172.067 172.3149 173.9179 175.1601 173.0443 174.0992 174.8742 175.01 174.1818 174.3457 174.8907 175.5066