0.0 0.2 0.4 0.6000000000000001 0.8 1.0 1.2 1.4 1.5999999999999999 1.7999999999999998 1.9999999999999998 2.1999999999999997 2.4 2.6 2.8000000000000003 3.0000000000000004
2 3 4 5 6 7 8 9 10 11 12 13 14 15 16 17 18 19

737.75 754.302 749.778 746.768 739.524 739.89 732.28 732.336 735.64 720.252 725.818 708.056 709.492 697.28 706.646 692.124
563.776 570.808 561.762 554.73 522.124 549.956 520.682 520.956 524.2 491.562 501.882 515.576 476.492 477.476 483.192 506.2
460.442 450.23 428.994 426.008 417.79 412.624 423.98 405.962 414.018 432.802 426.496 420.042 436.836 413.588 458.15 481.036
375.748 385.564 363.54 363.47 387.928 363.26 368.416 359.514 363.932 381.126 371.12 393.1 373.24 349.062 406.534 395.49
356.416 339.604 337.556 326.564 343.636 326.52 317.96 356.286 351.766 348.7 328.812 356.542 381.228 355.132 385.738 375.604
317.154 314.62 322.394 301.698 306.74 304.334 315.28 298.594 306.366 307.046 307.994 321.976 331.106 326.004 340.374 342.462
303.558 295.704 309.362 312.836 296.368 298.876 291.564 287.436 294.056 302.494 302.044 325.436 320.43 327.458 316.994 356.77
308.61 292.594 293.138 281.424 278.696 283.964 291.344 296.182 288.88 280.058 297.862 316.744 301.816 311.994 324.652 315.512
288.574 299.354 287.134 282.526 285.29 271.022 275.728 281.258 272.588 289.174 291.164 286.952 301.98 280.712 297.466 300.144
280.304 273.748 284.14 291.218 272.616 276.146 270.198 266.324 275.858 271.958 274.162 278.24 274.298 301.592 297.396 285.988
280.962 285.83 266.878 276.662 272.186 286.394 279.802 263.218 275.558 278.232 270.81 270.466 279.388 296.962 288.96 309.7
266.75 264.954 265.994 280.03 274.034 278.642 264.022 274.948 263.268 268.016 273.482 262.948 265.716 267.606 265.714 261.68
266.204 269.522 272.728 269.806 254.338 254.598 268.51 271.294 272.634 260.716 264.036 272.514 270.98 265.084 267.522 278.868
260.848 271.554 269.486 278.862 271.982 260.946 265.908 262.418 259.956 258.842 264.87 268.94 264.59 267.728 271.898 261.808
272.03 270.288 267.29 257.992 262.014 260.322 267.186 253.162 260.318 249.604 258.366 265.138 259.774 265.526 269.854 260.314
263.196 260.558 269.434 259.268 260.846 258.362 262.898 256.786 263.6 262.736 257.498 256.72 262.984 262.176 261.376 259.704
258.216 259.594 261.492 261.018 267.006 259.08 259.476 263.12 266.176 267.186 267.108 258.88 260.928 269.394 258.902 254.352
254.15 268.304 240.354 275.966 254.96 259.69 263.262 250.886 267.768 259.1 251.492 263.514 252.84 262.37 278.212 261.484