0.0 0.2 0.4 0.6000000000000001 0.8 1.0 1.2 1.4 1.5999999999999999 1.7999999999999998 1.9999999999999998 2.1999999999999997 2.4 2.6 2.8000000000000003 3.0000000000000004
3 4 5 6 7 8 9 10 11 12 13 14 15 16 17 18 19

436.264 438.4253 432.4776 432.4156 443.1467 439.8012 453.4786 460.7991 467.1918 476.9961 495.7998 497.0765 505.5772 512.7736 533.93 537.8144
301.7102 296.4622 296.1853 298.3201 301.084 309.0429 319.3685 326.2322 342.3037 351.7921 368.9325 381.477 399.8545 416.6988 435.8292 449.914
249.2519 247.9929 248.2198 248.521 253.2821 255.3923 260.5548 267.5535 275.6496 287.5455 298.7666 312.4426 323.5291 337.9443 362.9346 379.1683
226.5642 226.0833 223.4084 224.1906 228.5609 224.3539 230.9633 236.6985 243.3854 250.0561 266.2955 270.7763 279.0578 291.0091 314.273 329.7522
213.5167 213.2524 210.9746 211.0046 213.3753 216.5242 218.2217 216.4974 226.1172 227.2693 235.3901 242.1297 253.2381 265.1791 271.9532 287.7749
203.0842 200.259 200.5678 203.5313 202.5653 204.5816 206.7001 206.92 209.8104 216.0651 224.4842 225.9412 234.7383 242.8359 251.9974 261.2092
197.9933 194.7183 195.4045 196.4007 198.0947 197.2876 196.2116 200.1637 205.0776 209.0323 211.9542 215.243 220.2362 225.3009 234.7532 241.7899
192.5302 191.3825 191.7971 191.7946 190.0336 192.1219 192.8133 193.9326 193.4948 199.8205 201.6385 205.5797 209.0976 214.3912 218.9701 231.7795
188.8853 185.5974 186.8279 188.673 184.2529 188.7854 189.431 191.1409 190.4412 195.0318 194.4956 201.1004 203.4279 207.3399 210.8441 219.947
183.5678 183.7067 183.6887 183.1827 184.333 183.1857 186.2931 186.9673 188.0566 189.2482 190.0756 193.1655 196.3022 203.7617 202.4221 206.1718
183.0923 182.8455 182.1709 181.0056 179.9833 181.8404 184.0384 182.5999 183.6593 183.5932 187.268 186.9562 190.6123 195.4789 198.0063 198.2455
178.4481 180.6162 179.4988 178.2132 179.7948 180.0608 178.5375 180.0976 181.7853 183.3339 184.0113 184.0964 185.0121 186.6747 190.9115 194.8659
177.5013 179.3569 177.3998 174.4595 178.8716 179.566 177.9106 178.5058 176.8454 180.0999 180.4126 182.4555 182.2239 185.0155 185.6941 187.5848
176.4313 175.9752 176.282 173.5401 177.4803 174.0696 173.7739 178.585 179.2247 178.7643 181.0527 179.8982 180.8583 183.1403 183.7204 186.648
176.3927 175.7011 173.8357 174.7724 176.4344 175.8883 175.9346 172.7724 179.0309 175.7029 175.5808 175.6377 178.4493 180.4658 181.3905 184.6498
173.8322 176.4865 174.2054 173.958 175.5168 176.7418 173.7941 173.6814 173.3544 173.449 176.6929 176.2867 175.9748 177.2252 177.5326 179.222
172.7861 173.998 174.7326 171.4355 172.1525 173.3772 172.8216 174.6247 174.3713 173.8462 173.0808 175.5979 176.146 176.1175 177.4808 177.3314