0.0 0.2 0.4 0.6000000000000001 0.8 1.0 1.2 1.4 1.5999999999999999 1.7999999999999998 1.9999999999999998 2.1999999999999997 2.4 2.6 2.8000000000000003 3.0000000000000004
2 3 4 5 6 7 8 9 10 11 12 13 14 15 16 17 18 19

744.92 744.634 744.864 740.962 722.13 737.666 727.682 727.59 703.226 709.04 704.122 693.526 687.698 660.532 649.264 647.124
571.88 558.14 539.312 522.178 478.968 464.812 461.274 435.274 430.646 417.496 401.632 403.69 386.108 402.662 392.622 375.73
443.016 423.956 417.212 385.868 389.608 364.674 374.006 351.53 348.45 332.378 347.236 336.974 338.6 340.586 340.14 326.032
361.842 371.468 354.816 331.98 343.102 315.9 325.872 312.512 310.168 280.014 295.85 299.314 327.28 309.99 316.492 321.828
334.738 333.048 330.51 309.664 311.434 295.46 289.666 274.624 287.388 280.616 280.724 288.712 275.89 281.07 296.938 275.532
309.938 308.646 308.752 290.48 289.326 272.542 276.804 287.242 283.86 279.496 284.182 267.794 286.974 274.33 277.248 282.468
316.132 303.808 301.2 289.002 269.814 276.39 269.692 260.896 262.02 254.99 257.248 253.342 274.578 263.866 267.982 270.954
302.166 278.706 282.988 273.35 284.914 273.102 262.972 259.018 253.722 258.694 250.396 257.868 247.51 257.076 263.714 250.284
284.238 276.596 285.968 260.594 264.656 268.714 245.334 257.182 252.528 246.266 257.154 235.126 247.51 261.13 263.556 251.906
277.404 266.858 259.492 258.432 265.82 263.006 247.916 242.64 238.834 249.54 251.196 251.63 256.814 238.966 248.18 246.366
276.57 265.078 270.744 258.842 265.13 265.022 251.702 240.464 251.956 251.516 242.952 246.26 256.628 247.884 252.19 250.988
272.084 259.148 257.366 270.36 245.874 264.188 268.386 249.028 255.36 244.908 244.698 237.444 251.974 241.012 253.544 248.14
271.348 273.47 264.074 268.512 258.584 261.244 256.802 259.504 247.54 243.296 251.002 252.254 269.198 230.776 247.826 241.912
273.99 263.91 268.274 267.198 266.762 258.606 238.156 247.814 249.086 249.432 253.2 251.43 238.548 245.478 258.032 250.388
265.414 267.112 266.51 261.428 260.198 252.592 251.236 265.468 254.136 256.55 246.296 257.39 244.982 260.354 236.096 262.508
243.12 264.344 258.566 269.878 267.85 263.732 257.346 264.462 263.52 251.568 252.41 254.37 256.752 256.112 253.478 265.858
266.694 267.51 249.146 263.764 260.092 262.342 252.696 263.006 267.966 252.408 252.196 254.102 258.948 254.946 264.534 255.042
263.854 261.96 261.628 258.314 269.426 264.278 266.938 269.56 266.678 258.93 268.954 265.714 263.364 261.042 280.562 264.212