0.0 0.2 0.4 0.6000000000000001 0.8 1.0 1.2 1.4 1.5999999999999999 1.7999999999999998 1.9999999999999998 2.1999999999999997 2.4 2.6 2.8000000000000003 3.0000000000000004
2 3 4 5 6 7 8 9 10 11 12 13 14 15 16 17 18 19

487.0705 487.802 469.1305 457.654 450.083 434.002 413.662 410.995 403.059 380.096 364.677 368.636 345.653 344.275 329.481 315.38
247.9695 248.5145 241.2105 218.8405 212.7305 212.913 206.448 198.2485 193.274 185.31 195.6715 189.115 184.209 180.1325 185.818 190.3535
171.3145 170.2555 153.443 151.923 159.164 142.076 148.4845 141.1865 151.972 146.6835 143.6975 136.0255 150.2475 149.0155 139.7215 146.8795
147.347 140.233 136.223 134.9405 126.767 127.968 125.2905 122.9385 121.25 123.9335 125.744 125.0935 123.754 127.735 136.4415 124.3795
129.5235 132.0775 128.1985 116.1895 121.1975 120.929 119.0565 117.521 113.8705 113.2595 109.377 113.11 109.9845 121.2775 113.808 124.9145
123.429 118.016 117.5295 115.639 113.1635 115.1435 109.4415 109.436 110.5815 108.4635 100.1955 110.425 112.17 106.621 109.884 110.675
121.582 123.1995 117.3285 115.759 111.305 103.5875 100.807 106.7975 102.9135 103.1765 108.244 103.5765 101.161 102.046 102.6065 99.8435
115.42 114.2965 111.362 111.423 105.607 98.495 105.016 102.2505 100.494 101.68 103.551 103.282 97.6745 97.0285 96.86 103.091
113.9265 108.5945 106.286 107.352 104.032 102.6855 104.4385 101.147 97.884 96.818 102.1345 101.6985 94.1055 97.336 99.3435 96.892
109.9875 112.935 105.109 104.424 102.2005 98.9495 101.4755 97.1105 98.912 97.6225 95.591 99.677 100.7195 102.2115 98.0615 100.743
114.9045 110.3175 104.59 99.416 102.1905 102.5165 102.967 96.8625 99.8185 100.575 92.979 99.909 102.2435 97.3355 99.7435 98.884
106.0165 101.122 107.573 101.967 99.138 101.0665 98.7765 102.927 98.132 95.805 97.416 100.826 101.791 100.566 97.965 96.24
111.173 109.295 104.8115 100.665 104.3715 109.2645 96.076 99.526 99.174 103.696 99.094 101.7445 97.883 97.5855 100.0305 98.6205
107.94 104.775 100.4995 101.405 102.6375 102.6725 105.3435 101.253 97.6295 99.66 99.882 100.295 99.295 100.075 102.016 102.951
104.007 103.8745 105.5155 104.9645 105.724 101.835 101.8485 101.754 99.899 101.787 103.5735 101.1755 96.0165 98.7615 103.9625 99.5255
101.896 103.2315 104.2015 103.697 106.8555 106.1095 106.9225 101.8265 101.9145 102.1605 98.3695 98.804 99.804 104.55 105.2955 99.3165
107.1225 108.362 101.824 103.0905 103.3015 99.9075 105.3295 110.43 98.8035 98.5355 103.9925 106.818 106.5015 102.537 106.42 102.252
109.4555 103.1535 103.684 101.787 100.4385 101.5245 104.3345 103.093 106.0705 104.944 109.2035 102.023 101.0315 105.635 104.219 105.468