0.0 0.2 0.4 0.6000000000000001 0.8 1.0 1.2 1.4 1.5999999999999999 1.7999999999999998 1.9999999999999998 2.1999999999999997 2.4 2.6 2.8000000000000003 3.0000000000000004
2 3 4 5 6 7 8 9 10 11 12 13 14 15 16 17 18 19

779.176 786.044 779.796 772.262 781.996 765.79 763.806 764.948 754.608 755.452 749.764 742.136 730.32 729.922 724.47 701.856
737.838 729.956 711.65 707.538 661.152 675.96 620.624 598.764 557.962 512.736 481.248 468.102 431.046 410.198 373.188 364.774
639.052 593.036 583.918 547.47 513.818 465.674 441.478 410.766 384.236 370.052 353.664 330.058 309.882 290.738 285.124 268.548
627.622 575.372 568.086 538.092 493.624 462.422 435.462 410.718 389.054 370.834 350.548 331.106 313.952 313.462 301.242 285.944
598.02 578.3 529.454 487.308 451.206 432.852 414.408 397.82 372.706 353.502 330.272 322.414 307.57 290.906 280.222 279.788
543.056 519.93 501.4 458.178 430.04 416.568 384.008 368.074 362.362 338.542 322.124 307.952 299.228 286.812 284.232 269.804
538.3 496.224 463.242 458.128 437.552 401.022 385.608 358.102 342.476 334.726 319.048 314.522 300.288 293.45 277.51 276.07
499.338 487.552 453.548 443.322 434.47 406.996 411.234 388.53 366.864 370.236 342.912 342.736 344.602 322.43 312.918 308.284
463.078 426.252 419.312 413.764 395.612 378.206 369.882 352.882 345.358 330.404 328.698 325.17 303.412 301.31 290.214 298.662
482.82 474.474 449.424 435.716 424.186 402.64 387.604 388.88 375.376 366.608 350.922 350.208 330.08 343.66 322.536 324.686
423.5 413.608 398.834 381.946 363.428 346.616 367.626 362.644 360.912 349.266 335.42 339.484 315.148 317.098 311.666 310.702
463.314 454.652 439.156 415.286 422.594 402.822 396.854 381.752 363.378 366.278 355.528 359.69 333.574 328.254 330.254 324.238
465.068 439.286 417.312 436.702 419.794 409.476 403.198 382.356 381.516 376.664 365.774 353.542 337.318 350.338 335.3 341.188
462.514 442.584 442.724 430.542 414.696 414.614 406.044 398.56 380.99 381.66 371.492 370.416 366.62 357.724 367.242 359.15
451.944 433.074 438.672 424.914 420.62 400.984 390.354 400.902 394.926 386.096 384.122 389.388 382.74 381.344 378.658 378.238
440.528 434.708 427.698 425.102 436.51 419.086 415.448 403.45 408.892 417.366 420.88 407.684 419.658 397.32 422.624 406.706
428.788 429.15 459.924 443.984 445.652 436.182 426.812 424.846 439.86 420.662 431.838 422.762 432.774 404.616 425.184 415.696
430.262 430.614 420.84 422.906 432.692 432.486 435.144 428.934 442.654 430.254 430.776 426.054 431.088 425.254 430.636 426.79