0.0 0.2 0.4 0.6000000000000001 0.8 1.0 1.2 1.4 1.5999999999999999 1.7999999999999998 1.9999999999999998 2.1999999999999997 2.4 2.6 2.8000000000000003 3.0000000000000004
2 3 4 5 6 7 8 9 10 11 12 13 14 15 16 17 18 19

770.04 748.7 711.84 726.52 698.94 748.16 721.54 746.84 739.0 684.7 673.78 691.64 721.1 703.16 714.84 663.62
494.36 460.98 462.86 486.58 542.0 493.72 510.44 411.92 531.36 517.56 468.88 487.02 470.44 507.56 479.84 505.64
422.94 399.36 364.22 398.52 338.4 376.8 407.16 398.04 345.1 361.88 458.96 425.0 426.18 443.56 449.0 490.22
305.42 285.8 318.64 297.0 334.38 303.22 359.24 311.2 333.0 301.32 358.56 393.22 424.7 369.14 410.84 364.62
275.14 286.18 318.72 277.14 362.36 238.14 288.82 336.02 352.48 321.28 294.7 328.78 314.42 360.62 385.08 398.28
264.14 267.16 283.66 288.22 258.22 288.76 278.64 299.46 284.72 299.8 297.46 348.38 300.74 296.38 331.44 305.24
278.14 231.36 286.1 243.42 236.26 312.68 259.68 309.16 273.56 278.58 273.22 320.62 278.46 285.2 383.92 283.82
291.82 251.9 265.54 239.56 244.98 270.3 259.4 275.88 228.84 241.58 278.74 281.08 265.28 277.74 299.76 307.64
241.38 240.06 208.16 250.38 263.12 245.8 255.7 245.56 291.1 235.16 240.7 229.26 274.82 234.52 299.6 223.56
272.84 242.7 272.02 274.32 218.3 262.1 216.26 241.04 217.16 208.92 216.08 202.74 268.54 272.56 242.5 299.96
242.46 242.92 244.38 215.02 254.5 247.06 247.58 229.56 212.14 282.38 247.18 256.56 243.1 254.5 219.64 252.46
258.16 252.5 255.64 201.86 238.62 200.58 215.1 251.92 207.52 252.68 208.0 250.34 246.38 246.44 215.58 217.2
214.02 195.96 268.18 227.38 208.36 239.5 199.28 222.22 207.56 207.78 212.02 233.38 225.64 240.54 246.9 269.46
245.7 235.66 182.22 220.06 233.38 279.24 230.12 263.76 255.44 205.08 231.92 223.3 233.2 229.92 253.96 256.8
223.84 250.1 210.56 241.46 231.58 224.0 188.62 229.22 221.62 237.74 217.46 211.2 195.54 236.38 199.92 251.54
223.82 247.66 236.22 203.48 238.2 225.86 250.34 216.56 215.56 214.98 234.58 174.18 209.16 226.9 228.26 233.94
231.9 268.26 203.72 263.84 212.5 231.94 239.98 223.94 240.9 209.12 229.46 224.64 203.1 207.18 220.48 254.08
205.16 186.48 192.98 207.06 240.46 217.2 195.94 223.98 247.32 228.16 227.14 185.02 212.36 216.46 244.6 239.0