0.0 0.2 0.4 0.6000000000000001 0.8 1.0 1.2 1.4 1.5999999999999999 1.7999999999999998 1.9999999999999998 2.1999999999999997 2.4 2.6 2.8000000000000003 3.0000000000000004
3 4 5 6 7 8 9 10 11 12 13 14 15 16 17 18 19

437.0466 444.6439 444.8479 447.5985 455.6326 461.282 470.7096 485.9003 498.3399 514.3964 520.4725 529.8954 547.9379 554.4758 566.1078 576.5524
298.2386 298.0048 299.9465 309.3229 310.4756 320.8997 328.4706 338.2364 358.4639 374.8647 395.9962 405.1748 417.5194 448.3264 463.2118 484.6974
249.8102 253.5345 250.9719 256.2738 259.5838 267.713 274.8508 279.7428 291.7866 302.4895 316.9711 327.9336 348.5627 368.0257 383.4803 406.7297
222.5547 223.9053 230.0734 230.2894 231.6626 231.5841 242.1507 246.4096 255.8481 263.553 276.0615 282.9458 295.1996 312.597 334.572 345.5631
212.1241 213.6448 216.1134 217.5628 216.7437 218.8273 224.365 226.8477 232.9986 241.8915 247.7985 257.0825 265.673 283.0038 288.0066 311.6323
203.0707 202.8042 203.947 205.7447 210.6826 209.1323 212.7212 217.6825 219.1005 226.8325 228.9455 240.8329 240.6877 256.2705 263.8466 277.1494
196.383 196.4491 197.3496 199.6333 199.9723 201.6972 202.1332 205.984 208.1024 215.9071 218.5404 225.2541 231.6769 238.6253 245.9686 258.9788
192.3762 192.4694 192.1978 193.3381 193.0463 196.4016 200.9221 201.8565 203.8324 204.9828 207.93 214.0558 216.8865 226.7513 230.1236 240.4413
189.8078 189.2028 187.8819 187.9157 192.2305 191.8938 193.5634 195.6066 196.1479 199.3006 205.3894 205.2045 208.2535 214.9181 219.0122 229.3321
183.4413 186.5048 183.8642 185.9346 186.1895 188.7219 187.993 190.5155 192.9842 191.4822 195.2026 199.8547 202.7701 203.9957 211.933 215.6191
182.9996 183.1138 182.5382 182.508 182.7278 183.3063 183.9914 184.4348 186.9149 189.2772 189.9673 195.0642 197.7669 196.8467 200.9601 203.3699
181.4245 175.2836 180.1905 179.3376 180.1883 179.6463 185.3689 183.223 183.273 185.3852 185.8705 189.1187 190.1802 192.3371 194.3937 198.7478
175.2592 178.6814 179.8584 181.1817 178.7853 178.0502 181.0644 177.4765 179.9898 183.3418 186.7006 185.8577 187.1685 190.9432 190.7897 191.8897
174.7699 177.6987 175.6858 177.2813 176.5801 177.5791 178.3216 179.4149 179.2301 178.9237 180.442 183.1612 180.0499 184.9042 184.5808 188.9929
176.1225 175.8792 176.7039 174.9451 175.3275 173.6511 177.2634 178.7462 176.5624 175.9913 177.0222 180.2535 179.8908 181.9993 183.1769 183.5184
174.5869 173.4863 173.2883 175.9162 176.7663 177.6259 174.506 177.0265 174.0386 178.3289 174.0738 177.6741 176.636 177.7607 176.4739 180.7844
176.2596 173.1028 176.0124 176.3079 174.0289 172.2411 173.6812 175.9842 173.6455 174.565 174.5728 176.4224 175.2619 177.6439 176.1525 178.8821