0.0 0.2 0.4 0.6000000000000001 0.8 1.0 1.2 1.4 1.5999999999999999 1.7999999999999998 1.9999999999999998 2.1999999999999997 2.4 2.6 2.8000000000000003 3.0000000000000004
2 3 4 5 6 7 8 9 10 11 12 13 14 15 16 17 18 19

481.934 490.648 468.4465 456.888 436.742 436.006 410.067 382.618 384.0345 359.767 354.5565 327.542 333.005 329.3765 304.933 300.516
241.845 236.694 230.561 221.145 203.1925 190.587 191.226 188.706 185.146 171.17 177.3705 174.5455 159.3985 168.0485 166.1865 159.032
171.0245 167.096 163.9145 156.6015 146.806 136.1745 136.328 130.3075 134.6685 130.796 133.4155 137.7085 133.157 131.2895 125.4925 131.967
142.317 141.973 130.1215 132.302 119.4495 120.101 120.7045 118.1215 112.3155 107.0375 110.384 118.16 117.562 112.459 115.7605 120.4595
133.277 129.7425 121.227 117.7125 117.0265 115.08 111.616 115.658 107.083 104.412 105.0955 109.2145 106.428 109.8385 110.883 111.789
129.9895 119.2425 116.9835 114.7455 106.4575 109.5395 106.497 109.4075 104.2705 98.745 103.919 104.203 104.6985 100.972 100.1965 98.8425
117.1375 116.963 111.719 111.2985 109.262 104.8675 102.6605 100.1765 97.5005 100.8065 103.879 97.109 100.663 95.5465 96.834 101.1695
120.0775 113.428 110.7215 108.8745 103.6815 97.7945 105.742 101.5185 97.0535 94.4915 99.0805 94.931 96.878 96.553 94.7435 98.5795
117.3225 107.9095 112.04 107.6895 102.9495 102.5855 99.7985 100.0965 98.4755 98.2895 92.8905 98.817 95.824 97.5325 95.1265 91.6195
107.222 109.7265 107.0655 106.7885 100.9715 104.105 102.2585 98.9085 96.66 98.3135 96.654 95.7365 93.083 98.3055 97.3725 98.203
112.9675 107.4535 101.891 98.727 98.6175 105.445 102.709 94.6315 97.9675 100.748 97.356 93.831 93.2475 89.6575 96.639 95.0335
106.3335 108.6415 105.8705 102.452 99.23 102.0315 99.263 99.0645 98.7135 96.411 98.7725 95.976 97.17 97.137 98.2225 94.6905
107.7805 106.1165 107.387 112.1195 102.4785 99.378 101.7025 99.643 101.341 97.276 104.003 96.1355 96.5095 99.2835 99.014 97.924
108.946 105.068 105.78 104.021 97.5475 99.1165 99.804 101.8845 97.499 98.311 100.258 103.1245 94.9045 101.965 100.387 96.247
109.9725 108.9445 105.291 102.2065 104.779 102.155 101.6925 103.7135 98.1375 100.4485 94.621 97.147 105.0265 95.587 99.303 100.6135
107.395 109.286 105.1455 105.5675 103.896 104.3275 103.8875 104.022 100.2105 96.649 95.9385 103.059 99.9275 99.1305 98.478 96.875
102.632 104.0035 107.23 107.4925 105.533 100.553 103.3695 103.9545 104.1245 101.533 101.2995 98.6555 103.9085 105.053 106.204 104.724
103.098 101.1855 103.105 104.647 108.479 106.3105 101.1025 101.2855 107.575 103.3245 104.4485 109.136 102.9 104.4635 108.8315 106.4255