0.0 0.2 0.4 0.6000000000000001 0.8 1.0 1.2 1.4 1.5999999999999999 1.7999999999999998 1.9999999999999998 2.1999999999999997 2.4 2.6 2.8000000000000003 3.0000000000000004
2 3 4 5 6 7 8 9 10 11 12 13 14 15 16 17 18 19

501.43 467.038 481.284 475.496 489.684 462.024 452.128 476.708 457.9 406.316 426.768 431.76 399.636 406.302 395.218 414.79
242.832 238.502 248.376 239.662 249.486 256.308 235.974 216.768 243.178 242.834 243.31 234.094 238.56 252.622 261.148 272.288
182.204 178.752 172.714 187.496 175.688 161.322 171.508 167.048 167.408 168.614 194.198 178.588 187.548 198.286 213.902 223.556
149.558 147.088 137.702 137.622 128.058 132.05 146.594 140.522 144.62 145.668 164.706 154.102 155.26 166.74 166.136 161.72
133.062 133.088 135.228 138.542 131.474 125.286 131.134 142.522 134.414 132.802 138.028 133.85 146.372 153.648 170.514 142.48
139.378 131.108 112.084 122.754 118.058 126.73 118.984 125.814 130.296 121.598 113.776 134.326 137.08 135.726 135.698 142.33
115.904 120.35 124.574 122.432 120.65 116.594 123.554 126.116 112.444 127.458 131.61 115.566 138.368 136.794 137.132 137.134
128.18 115.958 112.422 105.176 108.806 98.936 108.886 112.298 118.73 116.878 118.646 108.418 124.304 119.814 128.21 122.662
115.226 114.034 108.102 103.908 112.534 102.866 108.31 113.918 105.024 113.352 114.342 113.648 120.432 118.162 115.76 115.342
109.174 112.7 106.234 103.512 108.154 114.714 113.164 115.134 107.834 116.786 111.604 117.224 113.366 114.506 110.222 127.424
114.382 101.604 108.074 105.316 113.898 104.304 103.536 96.724 108.566 104.844 107.086 105.422 114.608 111.95 111.5 121.784
103.68 115.55 120.762 111.662 101.652 117.642 105.806 108.612 101.308 108.908 122.504 103.094 105.302 112.63 113.462 106.136
113.1 113.11 109.368 92.942 113.142 112.826 110.69 100.308 107.66 104.194 102.94 124.752 110.88 108.534 108.092 104.26
110.254 100.594 100.336 115.368 112.432 108.298 109.484 106.262 99.838 99.826 105.314 101.38 112.248 114.956 103.394 123.36
102.112 113.602 109.036 116.07 112.96 100.584 100.7 97.676 100.214 103.038 99.878 97.006 112.554 106.804 97.604 101.796
113.286 106.774 98.624 102.712 102.678 102.456 97.55 101.076 96.558 99.096 106.17 106.524 108.344 94.896 112.974 110.312
104.99 109.088 105.452 102.098 108.266 104.592 102.152 99.584 102.218 104.556 109.828 102.378 100.484 112.878 111.544 102.216
101.696 105.482 104.604 104.948 109.746 111.44 112.982 104.042 103.452 107.38 110.006 106.418 112.992 97.878 109.964 105.908