0.0 0.2 0.4 0.6000000000000001 0.8 1.0 1.2 1.4 1.5999999999999999 1.7999999999999998 1.9999999999999998 2.1999999999999997 2.4 2.6 2.8000000000000003 3.0000000000000004
2 3 4 5 6 7 8 9 10 11 12 13 14 15 16 17 18 19

582.95 585.432 574.562 540.258 556.846 543.978 522.484 545.31 511.888 511.63 486.122 517.96 463.396 476.8 485.864 478.73
295.866 300.524 307.482 288.24 278.482 287.874 282.09 303.536 278.992 280.82 292.592 279.118 291.414 301.852 297.95 293.846
202.362 191.154 197.886 195.49 197.938 195.654 192.674 212.216 200.342 221.272 221.004 234.53 240.002 236.844 241.416 268.7
179.384 163.396 167.072 184.896 161.792 156.74 174.928 160.622 169.152 168.286 204.274 185.786 183.224 188.974 203.44 206.926
153.134 158.124 160.854 144.47 158.314 151.208 149.332 148.716 161.112 142.586 153.538 154.7 171.958 185.62 182.042 189.564
141.16 153.068 144.314 159.272 133.11 137.69 133.188 144.064 138.13 148.226 159.132 150.704 161.278 157.782 166.52 178.526
139.156 137.944 142.876 143.386 136.806 136.26 125.52 132.89 152.184 146.85 140.972 149.526 145.83 159.746 156.038 148.326
140.008 137.074 134.398 141.562 133.668 146.83 137.66 129.744 120.824 131.624 131.216 131.486 132.244 135.87 143.236 153.438
130.81 131.946 129.566 125.346 123.286 130.914 132.62 123.846 119.28 122.716 129.98 129.614 144.256 123.514 151.31 155.39
127.526 129.748 119.028 133.59 124.402 130.044 126.808 119.674 128.236 123.604 138.836 130.778 139.14 130.424 129.82 138.742
117.288 133.696 130.52 127.006 137.062 129.094 125.044 120.878 128.176 126.792 120.992 125.802 137.252 132.03 135.12 144.4
129.806 118.18 128.498 124.188 125.672 126.954 126.03 115.696 122.52 125.856 115.52 134.582 131.714 133.406 123.512 137.578
121.368 119.8 120.938 121.212 132.648 118.128 121.746 127.65 123.504 123.618 122.42 123.486 128.91 133.066 132.804 131.8
121.574 119.968 121.408 121.23 132.178 128.262 122.352 119.23 123.446 128.218 124.756 122.044 124.656 132.592 116.386 125.376
120.77 123.09 115.674 120.73 111.574 120.962 115.846 128.976 133.104 114.102 124.788 124.518 122.164 128.822 125.11 132.95
120.158 123.634 122.302 119.646 118.376 124.928 125.23 131.104 122.736 115.582 120.422 127.326 122.952 120.114 127.714 121.914
120.796 119.438 115.85 127.91 116.714 125.448 119.972 121.916 124.46 116.688 129.492 117.328 117.854 117.212 121.744 129.884
121.402 120.574 120.754 126.552 129.41 120.664 117.902 131.046 120.566 122.85 106.41 112.4 120.906 114.478 128.556 122.842