0.0 0.2 0.4 0.6000000000000001 0.8 1.0 1.2 1.4 1.5999999999999999 1.7999999999999998 1.9999999999999998 2.1999999999999997 2.4 2.6 2.8000000000000003 3.0000000000000004
2 3 4 5 6 7 8 9 10 11 12 13 14 15 16 17 18 19

772.844 772.588 767.316 774.932 759.292 756.164 752.304 734.252 734.854 728.79 736.626 710.036 714.548 704.004 698.07 663.116
640.854 614.3 595.198 569.008 555.748 529.484 518.494 485.304 474.972 436.108 427.064 400.148 386.922 380.696 347.836 336.406
551.13 506.946 491.724 438.368 446.716 414.034 397.35 361.536 349.648 368.84 317.368 306.134 313.07 299.86 314.498 286.96
484.9 455.262 416.196 394.184 385.16 374.09 363.96 339.088 335.852 309.538 317.44 305.698 298.434 286.788 272.638 276.388
430.752 403.97 382.064 371.444 351.612 341.478 330.064 311.004 318.84 306.014 275.742 285.366 268.714 271.386 271.958 276.964
390.464 383.608 359.95 339.63 340.508 326.276 322.27 305.432 283.618 285.288 281.036 271.132 274.086 269.268 266.214 264.48
396.1 357.344 352.834 329.484 329.298 323.822 306.818 294.564 289.908 281.796 287.066 277.448 273.224 258.978 258.728 272.102
365.526 364.166 329.83 341.478 328.364 312.798 296.282 299.386 289.536 281.426 278.628 267.008 288.99 275.126 258.6 249.866
346.602 351.488 342.592 314.99 312.652 319.348 300.632 296.258 278.988 271.38 265.704 265.044 272.422 270.448 263.514 278.6
340.834 344.146 330.364 328.892 309.996 300.194 287.602 299.13 279.892 272.752 285.904 269.48 272.262 256.81 266.602 273.912
346.6 335.742 313.772 318.16 310.554 310.664 295.786 282.132 292.85 298.136 278.672 293.68 268.764 265.756 270.634 272.454
321.79 326.356 328.344 325.454 308.37 302.84 299.848 297.282 286.796 288.694 289.36 284.63 278.294 268.03 276.132 277.248
335.74 326.872 322.052 320.712 308.828 294.958 310.87 297.564 300.408 293.56 286.988 295.234 286.022 291.848 281.56 291.776
338.356 325.928 315.896 319.82 303.932 299.954 305.99 301.68 304.782 292.67 306.8 290.126 285.188 293.368 289.096 277.548
339.152 326.504 313.484 317.332 315.882 308.344 292.434 310.764 299.866 302.96 293.6 298.256 291.23 292.536 313.392 295.476
316.764 317.666 319.896 308.672 313.008 309.154 312.33 312.078 315.032 306.772 313.258 303.92 304.6 306.788 301.564 299.49
331.958 324.364 332.098 326.454 315.862 325.494 310.178 312.752 317.254 313.586 307.838 318.282 313.158 320.57 317.088 315.606
322.162 323.108 336.556 327.198 327.096 311.246 336.766 325.052 326.668 313.58 319.786 323.574 335.596 322.69 316.088 327.288