0.0 0.2 0.4 0.6000000000000001 0.8 1.0 1.2 1.4 1.5999999999999999 1.7999999999999998 1.9999999999999998 2.1999999999999997 2.4 2.6 2.8000000000000003 3.0000000000000004
2 3 4 5 6 7 8 9 10 11 12 13 14 15 16 17 18 19

579.026 561.5 522.278 536.166 528.49 489.374 491.518 484.312 454.604 457.17 391.96 402.422 402.982 363.094 377.42 356.836
302.554 284.292 253.854 232.43 238.436 224.576 209.328 205.562 188.736 188.81 188.14 191.442 176.386 185.46 184.06 179.02
199.202 193.034 186.364 174.944 177.464 161.076 153.694 153.184 144.258 146.964 141.034 132.346 147.094 147.646 157.824 158.438
166.588 150.272 157.75 150.636 135.436 133.916 141.876 139.498 130.792 119.922 133.012 132.694 138.538 132.838 142.004 134.338
166.718 139.58 134.72 128.32 132.634 130.824 127.242 121.582 118.512 116.498 119.974 114.804 119.278 122.972 124.02 123.926
146.044 152.056 143.93 124.046 134.142 126.824 118.252 120.746 116.532 118.318 111.234 113.552 117.84 111.238 112.95 117.886
140.238 130.91 133.762 122.268 125.468 118.9 122.392 108.878 116.056 116.232 105.202 115.02 105.69 110.906 116.004 97.362
120.994 125.56 125.774 115.488 112.358 108.94 120.74 119.794 111.638 114.424 116.772 110.658 106.756 110.498 106.826 110.298
138.39 123.066 122.782 120.702 114.126 121.95 113.198 113.158 123.348 110.12 111.846 108.05 115.174 117.984 107.592 107.772
130.51 126.096 124.57 115.944 115.254 123.146 105.554 120.74 100.364 107.6 103.966 114.65 108.876 101.238 115.16 109.976
125.754 128.444 121.076 112.766 110.338 117.832 114.112 114.95 107.258 109.17 114.558 122.728 110.036 120.132 106.182 112.88
126.53 119.446 122.876 121.98 122.402 113.64 114.996 109.346 112.046 116.022 111.956 109.026 114.108 104.41 107.842 104.482
119.86 124.826 123.772 114.928 110.576 115.406 127.536 123.866 112.166 111.666 112.034 108.794 113.606 116.036 112.836 108.124
123.566 120.264 112.612 121.956 122.538 111.146 114.536 117.518 111.78 116.164 112.248 113.29 108.13 115.916 113.484 110.66
122.968 116.336 124.726 125.572 124.226 122.4 113.98 122.658 117.682 114.86 116.314 117.142 110.158 112.358 108.878 115.442
115.506 123.778 122.516 116.548 119.22 118.23 115.318 117.222 108.3 105.486 113.752 128.568 113.822 118.73 119.376 111.472
127.24 126.756 118.44 120.584 115.19 126.654 118.646 112.068 114.514 125.24 114.294 114.87 120.47 124.892 119.03 112.498
126.344 122.09 114.16 117.402 122.32 117.542 120.346 120.48 122.664 125.078 114.422 123.94 121.772 121.824 123.898 114.936