0.0 0.2 0.4 0.6000000000000001 0.8 1.0 1.2 1.4 1.5999999999999999 1.7999999999999998 1.9999999999999998 2.1999999999999997 2.4 2.6 2.8000000000000003 3.0000000000000004
2 3 4 5 6 7 8 9 10 11 12 13 14 15 16 17 18 19

541.906 574.864 570.822 548.028 570.704 540.034 559.248 554.428 562.652 532.74 545.784 543.242 499.98 527.412 519.498 501.792
284.932 280.112 281.694 303.528 303.686 305.914 305.374 310.602 310.486 330.48 353.59 339.986 326.754 343.356 356.648 368.974
203.342 199.802 205.294 200.388 210.544 203.756 219.926 216.056 222.206 236.976 235.036 259.54 289.044 280.98 264.862 316.334
168.354 178.25 167.098 172.51 162.688 178.186 180.086 185.664 188.632 210.962 207.812 209.91 219.686 252.062 247.45 241.888
147.882 150.424 146.458 148.6 162.406 160.348 182.662 173.632 170.796 176.548 180.904 189.08 190.264 205.95 205.596 218.286
151.544 141.438 136.0 144.892 150.214 152.272 162.482 158.09 160.01 156.8 173.156 171.646 182.628 198.414 183.512 200.55
135.12 134.68 130.458 151.866 143.77 152.526 147.446 154.564 145.644 150.87 152.066 174.466 158.788 172.102 156.254 185.448
135.526 157.24 139.772 151.204 142.31 158.02 145.874 133.978 141.612 155.04 138.246 161.704 154.376 165.674 166.884 169.452
135.366 125.246 138.49 132.592 151.04 144.772 135.158 135.96 127.97 143.854 132.324 141.426 153.778 145.89 160.852 170.566
125.496 127.856 127.454 129.442 120.61 136.182 133.292 132.01 136.45 132.586 136.252 144.28 131.796 143.296 145.334 153.902
132.138 125.042 122.132 129.636 132.876 123.512 129.466 138.914 133.688 136.45 147.264 140.8 150.574 137.718 148.792 138.752
117.888 128.84 128.458 120.664 130.064 132.126 123.812 124.268 133.13 131.86 128.442 138.5 144.654 133.968 145.73 148.33
131.324 122.184 127.634 126.262 119.706 118.07 131.484 123.878 116.954 129.108 116.492 132.106 124.806 137.706 130.868 133.002
119.02 117.962 125.33 121.002 122.134 114.858 119.216 134.498 142.806 118.876 131.304 125.366 121.582 136.442 133.304 129.594
116.046 119.342 117.478 130.224 112.846 129.66 128.928 127.614 122.152 123.074 113.584 130.026 120.962 118.61 136.3 126.454
117.894 118.694 124.628 125.672 127.742 120.626 115.652 116.122 117.264 121.572 125.81 116.518 122.658 137.196 126.454 132.594
113.868 118.772 125.864 126.08 112.128 112.642 116.21 124.66 123.89 119.904 122.096 113.922 115.562 127.698 121.366 128.508
124.202 119.884 121.848 118.004 120.662 119.526 122.854 133.844 118.632 115.582 123.92 120.924 128.91 116.074 125.168 124.962