0.0 0.2 0.4 0.6000000000000001 0.8 1.0 1.2 1.4 1.5999999999999999 1.7999999999999998 1.9999999999999998 2.1999999999999997 2.4 2.6 2.8000000000000003 3.0000000000000004
2 3 4 5 6 7 8 9 10 11 12 13 14 15 16 17 18 19

780.718 774.22 774.27 766.248 764.416 764.288 761.882 759.874 757.54 736.85 738.332 736.334 714.752 723.616 708.444 696.066
651.086 618.326 611.312 614.97 574.394 556.586 556.232 551.012 524.778 509.324 493.79 486.208 476.358 468.964 482.956 473.416
530.842 508.766 507.662 483.036 475.168 443.898 442.868 440.038 426.108 439.236 421.424 417.276 421.082 412.118 404.534 397.406
467.734 442.428 431.678 409.958 419.302 397.656 403.382 417.4 372.936 382.572 380.91 383.9 391.256 395.812 384.34 366.52
428.366 423.136 407.762 375.43 389.72 377.936 372.676 366.374 373.022 381.87 360.252 378.392 372.774 359.194 355.194 370.834
408.326 392.986 371.29 374.802 372.924 361.02 364.562 338.762 349.356 362.548 345.876 344.418 352.754 361.542 334.172 359.656
376.204 379.952 362.422 362.02 353.956 339.882 339.15 338.372 339.088 338.972 330.27 334.592 337.97 336.524 337.874 335.526
362.586 359.11 345.794 346.728 338.618 332.984 328.394 333.916 337.022 321.854 315.628 319.992 341.666 317.47 334.612 332.674
356.506 352.308 349.264 337.124 345.214 326.566 329.96 320.792 318.892 324.662 330.696 316.258 326.946 316.0 311.6 330.732
343.644 343.396 335.596 340.65 319.434 321.8 311.114 317.69 319.22 320.14 320.724 309.818 320.67 318.666 316.78 322.836
348.666 336.866 342.588 320.358 322.354 332.86 326.47 325.89 308.496 321.878 302.772 314.084 316.78 313.802 313.552 323.558
341.056 339.994 332.304 326.622 318.736 332.378 315.222 315.544 324.686 318.746 309.466 313.714 312.658 313.654 323.164 324.078
334.332 336.078 339.344 336.882 326.462 323.03 313.82 322.982 309.502 313.53 312.18 306.986 314.51 311.832 308.958 318.322
334.224 324.238 313.704 329.884 336.988 309.356 317.406 301.948 304.232 314.578 292.844 310.992 307.114 303.5 323.376 313.608
327.49 321.084 323.766 307.78 316.43 321.772 311.592 319.406 310.416 322.982 314.798 318.53 308.732 320.916 324.824 320.958
326.8 321.816 330.806 316.076 321.51 322.282 311.812 314.914 313.114 308.758 309.194 317.026 315.194 312.484 302.66 313.92
317.976 331.698 314.768 317.77 327.244 322.52 316.42 319.36 321.248 320.962 322.028 326.624 311.392 318.534 331.316 312.058
322.306 326.382 322.39 317.162 322.102 320.334 336.354 320.412 323.21 311.192 318.892 314.588 324.3 327.742 318.964 326.164