0.0 0.2 0.4 0.6000000000000001 0.8 1.0 1.2 1.4 1.5999999999999999 1.7999999999999998 1.9999999999999998 2.1999999999999997 2.4 2.6 2.8000000000000003 3.0000000000000004
2 3 4 5 6 7 8 9 10 11 12 13 14 15 16 17 18 19

743.534 760.636 745.132 739.3 738.852 742.016 749.428 724.362 739.218 739.82 733.846 735.446 735.734 726.65 714.362 705.78
588.072 587.138 562.508 564.62 557.318 564.186 541.536 561.234 550.548 564.008 543.328 573.126 548.624 567.154 561.792 557.104
436.37 458.77 444.718 438.814 439.106 437.524 455.548 462.262 480.05 492.906 478.926 496.324 503.2 517.066 514.8 532.674
396.416 386.962 364.144 370.332 402.6 391.448 404.836 384.19 397.61 422.078 418.108 440.52 444.026 464.61 485.306 465.504
362.696 336.608 336.212 347.764 340.916 347.342 345.57 365.02 374.074 355.718 397.418 400.088 411.39 405.608 429.884 426.61
326.822 338.15 328.584 322.024 308.726 334.782 323.208 336.806 335.06 356.876 360.618 361.73 373.278 396.592 399.92 406.982
295.464 297.026 317.768 311.302 310.62 301.722 315.444 306.558 336.322 324.802 324.568 332.174 352.04 370.92 378.866 377.298
315.526 280.904 291.666 290.35 310.252 303.604 310.816 310.89 309.064 309.228 324.508 319.038 321.224 343.9 345.65 346.974
299.852 277.844 296.896 283.028 291.46 296.44 296.898 291.882 299.364 294.148 309.692 315.52 326.558 332.05 336.63 337.478
292.93 283.15 287.728 277.622 279.588 287.422 284.988 281.188 283.188 295.08 291.424 306.068 288.396 310.732 318.364 317.972
282.024 285.07 275.91 287.416 285.554 281.98 281.038 279.914 289.622 290.528 281.186 300.222 297.75 302.536 303.94 329.906
276.674 273.208 276.526 274.732 271.112 267.302 276.1 277.834 277.394 260.092 289.592 285.946 286.034 296.966 301.652 310.382
273.694 263.736 270.104 275.234 256.67 256.696 278.202 278.464 272.45 269.016 270.77 278.314 276.418 293.198 296.916 285.586
268.25 279.81 264.808 272.682 268.086 270.462 278.98 271.258 259.758 273.2 280.582 274.386 282.342 278.152 296.874 277.618
266.706 263.03 265.856 278.602 273.034 268.088 253.582 267.338 271.22 277.758 262.204 263.216 276.882 272.874 281.158 263.874
267.808 270.516 258.938 263.054 275.206 265.552 258.71 273.228 262.262 261.04 275.084 272.92 259.344 273.39 270.536 270.19
274.468 260.732 265.26 262.726 251.462 255.556 265.71 263.224 265.51 269.07 265.054 258.944 254.744 271.17 273.856 276.22
262.392 256.252 267.286 268.512 262.334 251.718 255.01 264.322 257.188 259.508 260.088 270.294 269.346 246.756 256.912 261.698