0.0 0.2 0.4 0.6000000000000001 0.8 1.0 1.2 1.4 1.5999999999999999 1.7999999999999998 1.9999999999999998 2.1999999999999997 2.4 2.6 2.8000000000000003 3.0000000000000004
2 3 4 5 6 7 8 9 10 11 12 13 14 15 16 17 18 19

798.264 796.108 795.638 794.798 794.856 794.29 794.832 791.942 783.866 782.712 782.978 770.976 775.262 761.262 757.588 735.51
699.742 710.03 680.81 672.312 632.736 637.1 599.408 594.27 565.354 540.17 502.518 503.144 456.674 439.562 412.988 392.744
662.126 645.516 610.35 559.966 548.692 519.112 496.846 462.858 443.208 417.868 406.122 381.812 380.77 349.656 348.378 335.028
624.85 618.872 572.672 560.836 521.838 510.348 482.69 447.746 430.142 408.254 400.558 374.136 361.03 357.914 349.41 335.184
564.286 534.856 507.77 482.348 466.3 446.41 415.86 395.932 371.034 372.092 359.282 345.74 326.574 334.314 319.16 319.43
549.072 537.578 491.842 477.286 454.358 430.384 423.102 400.898 385.584 377.588 373.938 358.816 351.036 347.908 330.918 311.192
482.854 454.998 447.722 428.05 407.254 403.476 380.736 375.27 348.522 358.802 325.12 341.862 324.934 323.736 303.7 291.794
491.552 467.908 460.462 446.48 440.982 420.592 416.458 400.748 380.522 373.132 367.692 366.482 355.362 348.668 328.78 323.234
488.86 485.088 442.72 441.438 405.634 398.818 400.91 384.838 368.756 356.052 349.154 352.62 331.882 337.532 314.124 320.052
464.62 468.896 439.34 441.096 419.276 414.592 382.712 398.482 385.5 366.254 373.88 360.616 349.5 363.864 345.424 344.126
450.98 449.186 424.918 406.33 403.002 387.202 379.432 383.158 356.03 352.912 351.922 333.256 329.702 330.856 333.272 325.604
439.118 455.002 444.876 426.586 406.898 399.34 387.076 390.122 386.386 385.166 355.892 363.918 343.614 355.056 341.53 322.248
453.944 428.684 445.548 419.138 421.59 408.052 409.842 395.198 391.11 391.408 365.398 371.362 368.274 362.788 355.646 367.558
462.732 444.54 423.364 439.406 412.818 405.04 399.97 393.864 403.92 395.396 389.034 379.512 372.228 367.006 380.648 378.472
442.024 432.656 440.42 444.694 418.312 423.346 431.3 423.706 412.382 403.89 395.156 406.412 412.884 405.76 414.938 399.778
466.98 470.142 445.308 447.88 445.428 444.746 439.094 425.206 429.824 445.48 429.01 439.63 420.672 424.822 409.346 415.766
449.092 444.016 430.992 447.806 432.118 429.002 432.918 428.554 427.704 423.894 432.414 433.78 410.854 438.412 421.196 425.602
431.222 431.75 431.064 430.602 424.63 430.956 425.288 425.866 440.694 439.162 440.762 427.334 436.776 441.228 422.048 435.448