0.0 0.2 0.4 0.6000000000000001 0.8 1.0 1.2 1.4 1.5999999999999999 1.7999999999999998 1.9999999999999998 2.1999999999999997 2.4 2.6 2.8000000000000003 3.0000000000000004
2 3 4 5 6 7 8 9 10 11 12 13 14 15 16 17 18 19

736.9 719.2 677.08 713.06 669.08 663.18 728.24 706.1 644.94 635.94 581.58 623.36 590.04 628.6 521.92 580.88
488.36 574.28 438.78 409.12 341.88 352.3 362.16 352.5 373.7 275.52 314.24 265.38 207.58 202.44 274.52 281.24
359.6 305.56 374.96 316.34 288.36 307.38 305.64 259.72 235.2 258.6 209.6 196.62 193.4 194.9 257.12 167.9
284.76 324.1 274.82 243.8 232.42 224.98 254.44 238.06 232.48 212.34 215.88 200.28 172.8 260.78 207.84 241.8
272.62 217.08 247.32 233.34 225.7 223.88 232.22 191.72 191.86 207.44 194.0 174.18 224.92 179.1 177.0 160.48
295.94 275.38 250.82 240.32 206.4 224.96 188.94 175.06 200.72 190.64 202.34 186.38 155.14 169.08 188.9 179.8
240.26 226.78 224.46 246.22 236.68 190.72 213.78 196.9 190.52 175.48 191.92 191.88 185.16 208.5 166.36 173.74
247.66 231.24 207.94 214.22 192.82 222.68 193.12 205.86 206.78 198.0 165.92 199.44 164.28 155.22 177.02 190.82
221.9 269.98 230.32 221.98 212.06 225.38 193.44 205.14 175.8 195.86 163.64 172.46 169.58 177.98 151.82 200.36
215.52 218.06 237.98 221.34 211.66 160.42 182.36 183.12 189.46 192.76 212.94 227.26 191.34 184.24 210.42 181.0
210.48 262.88 246.54 223.76 199.68 200.14 231.96 208.66 185.42 216.78 191.64 159.4 162.34 166.58 182.14 184.28
246.48 227.74 226.84 238.48 226.5 218.68 186.9 230.42 228.82 223.82 197.68 210.16 181.3 156.92 205.06 201.44
224.02 210.96 220.0 200.02 230.04 219.78 230.32 186.78 198.0 197.4 207.28 169.32 191.28 202.26 205.12 215.68
218.48 223.38 254.7 219.12 204.04 187.06 204.36 214.14 199.22 230.04 166.72 197.34 224.46 209.92 201.62 169.66
231.3 292.18 212.46 190.04 207.52 228.96 237.82 215.22 246.18 191.32 223.2 228.84 176.98 197.48 211.9 198.78
200.96 186.78 235.9 223.96 232.08 245.92 220.04 206.68 198.52 216.98 235.64 223.34 243.6 210.5 198.76 219.38
227.04 202.16 234.9 239.52 243.46 226.84 218.26 261.32 208.16 246.26 209.84 248.36 213.96 227.7 195.64 217.9
234.48 208.98 230.06 226.62 225.56 200.2 203.62 203.74 194.5 233.24 229.94 236.06 215.22 233.44 197.4 222.62