0.0 0.2 0.4 0.6000000000000001 0.8 1.0 1.2 1.4 1.5999999999999999 1.7999999999999998 1.9999999999999998 2.1999999999999997 2.4 2.6 2.8000000000000003 3.0000000000000004
3 4 5 6 7 8 9 10 11 12 13 14 15 16 17 18 19

441.4201 410.3066 385.0776 361.9625 345.3067 323.756 308.1289 294.8289 288.2765 281.3638 270.7112 260.5927 256.217 253.0248 249.0551 241.0094
299.4165 279.987 266.5906 251.2534 238.3113 229.3705 223.0633 214.2287 209.1442 204.4036 201.4496 198.9636 198.388 198.4612 199.9923 195.4001
252.7715 236.6547 227.262 212.083 204.0195 199.2788 190.6953 185.6844 181.7126 179.1638 176.2764 174.8018 176.8128 175.0975 177.5265 178.6894
225.9917 216.6128 203.5511 199.7995 189.9355 183.9423 178.0342 172.4999 170.1409 165.331 164.8637 165.4635 165.5299 162.8607 165.2838 167.5264
210.7639 201.8667 197.6463 187.5927 180.0746 176.4111 169.9332 166.8522 165.576 162.234 160.8153 159.5589 155.5948 156.4264 159.1712 158.0026
204.4569 194.3573 189.0777 183.3393 174.9417 169.8555 164.2377 161.8757 159.4215 156.5951 156.1618 153.6447 152.1837 153.285 155.0304 152.4733
197.3308 187.739 182.4295 175.8649 171.808 166.8468 163.3348 158.4689 158.1603 157.1822 151.5948 152.9794 150.9903 148.7261 151.0565 148.357
193.8417 185.0622 178.4675 175.7257 170.4295 165.323 163.2855 161.3788 157.8599 154.4941 152.0801 152.0316 151.645 147.2385 147.7327 149.344
186.1834 182.3289 177.5458 172.196 170.4963 164.3473 162.3905 159.9042 157.32 154.7786 151.4332 151.8475 151.3689 151.1911 148.5023 148.2335
182.7753 181.247 176.0731 172.6265 166.9725 167.045 161.9255 159.6926 156.4858 156.2121 151.6016 151.3167 152.6513 150.3322 152.2737 150.3265
182.9187 177.3101 174.2036 171.8694 168.1763 165.0048 166.0038 161.6448 156.7909 156.5643 158.2891 154.9107 151.4052 154.6557 153.6948 155.4495
180.7605 176.553 172.8709 172.3583 169.7982 165.0692 164.9484 164.5767 161.8275 159.5552 155.4566 157.4657 157.7517 154.4713 155.8385 154.7624
176.7472 173.6241 172.9453 170.0514 167.676 165.9708 165.2129 165.4897 160.7575 162.5514 160.5916 159.9031 159.4318 158.0566 158.567 156.658
178.459 174.7041 174.9193 170.8118 169.6823 172.9247 166.5041 166.2511 165.0263 164.7512 163.1258 160.7603 161.1197 164.8231 161.6838 161.5351
174.4559 173.7705 171.7045 173.6614 174.093 167.5279 172.0363 166.0757 167.5711 167.2446 165.6917 165.8522 165.4852 165.4159 168.1461 165.5685
171.2424 172.1082 173.0582 175.0266 171.8086 171.2274 169.5935 172.5263 169.5155 170.8888 170.7253 171.0003 170.6367 169.65 170.4079 169.3674
174.3258 172.9894 171.2921 173.4874 173.7903 173.6937 170.6234 174.9968 174.2607 173.2312 174.5728 175.4094 176.2951 173.699 172.3797 174.1474