0.0 0.2 0.4 0.6000000000000001 0.8 1.0 1.2 1.4 1.5999999999999999 1.7999999999999998 1.9999999999999998 2.1999999999999997 2.4 2.6 2.8000000000000003 3.0000000000000004
2 3 4 5 6 7 8 9 10 11 12 13 14 15 16 17 18 19

544.678 552.398 562.53 524.992 543.512 516.732 502.55 503.554 494.238 471.012 478.178 452.68 435.562 459.878 404.832 406.73
294.382 292.766 269.91 273.186 247.6 256.474 250.742 242.064 241.908 244.328 256.616 241.732 243.62 230.114 249.93 234.326
203.492 204.632 206.052 191.226 169.908 168.146 180.114 166.82 171.31 185.42 185.838 192.51 190.786 180.864 192.11 203.062
159.042 170.046 162.002 153.374 149.994 139.98 159.252 153.796 145.328 145.524 159.332 158.472 162.862 142.668 152.442 185.69
158.212 164.222 146.134 148.7 139.326 128.048 137.434 141.474 146.654 129.922 138.068 142.376 131.312 155.368 146.43 159.312
161.64 137.462 148.98 141.59 125.628 131.226 134.096 146.278 131.136 126.688 140.478 129.748 134.03 154.722 146.452 139.236
142.048 131.016 137.784 126.308 132.106 129.136 125.754 128.778 122.012 127.872 126.542 147.066 125.748 125.878 143.16 128.878
133.556 132.468 136.646 146.706 134.372 123.646 124.076 125.6 118.18 129.262 120.202 123.688 119.686 125.498 127.662 123.232
138.456 134.102 119.442 116.086 116.104 115.042 116.898 120.536 120.548 127.984 121.488 116.942 118.666 129.032 122.882 122.646
131.386 132.858 131.218 132.828 124.648 127.07 118.41 119.86 116.214 115.88 129.842 113.668 121.158 117.464 134.932 124.008
131.716 128.298 118.074 119.41 116.026 112.022 120.39 117.992 113.286 113.548 120.336 121.476 116.642 119.924 127.934 115.51
127.876 122.954 132.112 119.84 123.058 119.232 122.818 116.134 117.744 120.526 118.44 120.752 127.926 122.166 120.218 114.71
120.644 130.78 126.164 114.596 123.888 116.974 117.026 120.656 131.276 125.82 114.176 123.408 125.712 111.016 123.118 116.858
111.21 126.04 115.89 121.886 119.2 114.804 130.844 108.778 117.252 126.912 114.612 120.094 112.494 123.278 108.648 124.2
122.044 120.8 115.202 119.972 126.412 120.61 116.124 116.606 120.792 122.028 123.098 116.82 117.466 120.666 132.242 118.124
115.154 119.402 118.37 112.558 115.912 120.972 116.168 127.736 121.708 123.606 116.474 119.652 127.594 112.478 125.36 120.286
118.76 116.432 114.924 111.382 125.654 114.448 121.806 112.434 134.76 129.566 119.762 124.108 115.59 122.324 117.088 123.03
120.976 127.642 119.492 118.736 125.382 113.586 119.412 118.974 123.04 118.726 121.492 128.848 121.334 129.126 120.206 111.622