0.0 0.2 0.4 0.6000000000000001 0.8 1.0 1.2 1.4 1.5999999999999999 1.7999999999999998 1.9999999999999998 2.1999999999999997 2.4 2.6 2.8000000000000003 3.0000000000000004
2 3 4 5 6 7 8 9 10 11 12 13 14 15 16 17 18 19

607.918 635.382 612.368 606.096 572.328 587.502 606.02 576.796 551.634 563.744 531.87 501.746 533.97 516.956 502.75 483.202
361.066 347.376 335.958 304.438 295.188 313.026 292.322 303.546 285.316 266.298 277.498 280.316 294.546 278.104 280.386 282.714
253.09 242.116 225.138 212.3 224.65 201.21 199.546 197.294 196.13 207.566 213.43 206.052 221.452 231.316 238.932 248.528
213.214 192.132 181.72 182.43 183.1 177.616 185.794 179.174 187.81 176.516 176.996 189.772 212.878 205.976 224.338 210.09
193.002 179.576 169.714 168.75 165.724 168.84 166.034 170.238 174.486 168.52 178.218 156.642 164.958 185.95 168.22 194.59
175.028 166.388 166.05 153.582 157.288 152.598 148.282 152.946 156.398 167.3 148.95 167.248 156.868 171.948 164.366 178.706
168.122 173.708 163.186 152.61 152.754 139.964 156.45 151.614 154.866 146.828 156.4 154.236 156.596 153.562 162.372 161.968
162.348 162.968 139.72 154.454 143.986 142.764 137.46 145.352 142.144 135.62 148.288 139.786 144.762 153.56 147.956 159.364
152.062 147.266 158.156 142.578 154.02 151.572 149.974 140.418 136.01 140.972 138.482 153.502 143.642 140.998 151.022 155.718
148.352 160.938 148.344 147.352 140.902 145.476 137.886 140.89 139.092 142.144 143.864 139.178 135.23 149.678 152.342 138.55
144.432 161.122 144.564 153.724 145.102 141.004 142.348 139.488 136.854 133.888 136.948 139.412 138.986 139.87 147.664 159.11
147.37 149.886 154.94 145.652 138.198 137.934 143.078 132.184 144.716 129.31 146.94 136.068 138.956 134.778 142.13 139.096
147.018 140.36 149.214 146.058 136.694 144.29 143.616 135.682 144.474 150.386 136.736 144.854 125.37 139.894 143.25 141.228
147.768 154.378 140.338 130.61 132.532 148.18 137.346 144.044 134.458 143.166 143.822 140.928 139.368 137.072 146.576 138.984
142.714 149.83 144.948 141.564 148.916 139.2 134.434 149.522 137.09 140.914 139.468 130.646 140.292 133.686 149.176 139.658
140.626 143.504 144.392 134.854 138.83 140.262 140.52 144.572 134.9 134.72 139.724 138.472 146.27 136.666 147.02 135.984
143.836 135.51 149.126 146.584 142.032 143.794 139.828 150.134 147.544 138.09 146.742 150.04 137.91 139.146 145.118 134.526
136.09 148.696 139.052 134.492 129.762 146.564 142.328 139.77 143.354 143.894 144.438 149.64 148.88 144.282 146.384 141.82