0.0 0.2 0.4 0.6000000000000001 0.8 1.0 1.2 1.4 1.5999999999999999 1.7999999999999998 1.9999999999999998 2.1999999999999997 2.4 2.6 2.8000000000000003 3.0000000000000004
2 3 4 5 6 7 8 9 10 11 12 13 14 15 16 17 18 19

424.282 391.028 402.756 387.888 397.084 391.754 415.413 401.769 399.926 374.973 380.693 369.956 376.884 401.003 367.399 359.983
217.728 223.12 215.535 233.264 215.987 218.674 220.076 216.234 219.779 235.213 229.661 253.815 249.27 241.65 269.691 279.091
148.098 157.674 143.682 157.133 154.751 166.661 164.389 168.841 154.93 168.291 191.339 190.369 195.607 202.168 181.347 218.439
129.806 131.6 124.91 127.191 134.723 139.597 134.697 129.123 140.54 146.937 154.011 158.075 173.372 180.493 182.312 186.961
124.951 118.52 124.53 113.771 114.377 118.543 119.706 123.963 126.381 130.115 135.608 139.325 148.078 148.733 156.787 142.864
110.708 103.075 100.71 112.381 107.917 110.562 107.704 113.105 112.942 113.491 124.327 114.338 127.454 126.964 135.82 141.903
97.268 106.719 109.053 108.795 109.124 104.334 105.517 102.441 108.553 112.358 115.104 121.186 123.531 126.124 126.782 137.998
109.546 108.046 105.224 101.147 101.538 103.839 104.854 109.922 101.17 107.427 110.272 112.845 121.186 121.204 115.255 126.591
98.502 99.908 98.861 105.018 98.636 102.283 100.616 103.802 99.066 108.8 103.531 107.629 108.746 112.616 111.198 116.425
100.661 96.185 105.865 98.83 96.098 98.353 96.272 96.902 98.192 101.156 105.179 108.814 110.515 109.456 103.873 114.418
94.575 90.819 99.135 94.542 93.21 95.236 95.133 97.786 97.09 96.233 100.607 109.331 101.947 111.691 107.524 103.638
91.17 98.528 102.694 92.112 93.639 101.055 95.469 96.989 93.872 100.643 94.291 104.659 101.272 102.75 98.406 106.44
94.491 98.957 93.691 95.455 98.984 94.703 100.944 100.839 94.894 98.758 92.999 95.228 101.568 99.069 95.609 97.43
90.291 91.616 97.174 88.09 89.782 96.167 94.8 93.087 90.844 100.15 90.766 94.669 103.116 101.746 92.85 94.466
95.536 96.26 87.196 89.744 86.856 93.465 98.187 92.734 94.853 87.768 87.154 100.454 92.227 95.006 101.271 92.038
92.316 94.312 96.786 85.737 91.773 89.304 96.297 93.194 91.244 93.184 86.661 90.441 97.132 94.083 94.127 98.393
90.43 90.813 90.201 95.341 89.397 94.37 97.79 88.967 90.716 93.581 94.606 89.815 92.044 90.535 95.765 87.701
85.559 89.299 95.814 92.006 83.835 88.393 91.785 94.169 89.84 92.033 87.338 92.88 92.408 93.248 85.63 86.355