0.0 0.2 0.4 0.6000000000000001 0.8 1.0 1.2 1.4 1.5999999999999999 1.7999999999999998 1.9999999999999998 2.1999999999999997 2.4 2.6 2.8000000000000003 3.0000000000000004
2 3 4 5 6 7 8 9 10 11 12 13 14 15 16 17 18 19

755.618 742.984 735.92 741.644 743.712 714.552 706.712 707.736 700.512 685.084 664.87 652.448 633.988 614.638 591.158 583.036
551.144 551.946 509.746 485.072 452.306 416.886 389.196 354.602 331.45 315.1 289.162 280.97 256.99 244.352 247.958 218.986
449.74 407.8 384.026 357.838 333.838 309.194 278.832 268.624 250.056 247.35 228.228 214.116 209.544 207.912 188.24 182.194
386.74 350.112 333.796 293.416 297.08 265.64 243.854 240.87 230.762 216.514 208.008 196.33 196.5 181.874 177.256 174.25
347.14 336.26 293.022 283.744 284.736 259.938 240.014 232.256 222.24 221.47 207.538 204.042 193.66 182.268 178.036 174.006
332.134 318.252 275.52 280.108 258.712 239.984 248.54 224.48 216.192 204.552 202.138 191.912 197.242 184.37 186.504 165.804
300.25 293.428 291.04 250.446 254.43 228.99 233.006 231.196 208.06 207.212 200.658 190.832 187.672 179.408 179.348 177.568
292.324 277.758 274.364 252.326 240.79 240.772 230.576 211.184 206.76 211.25 209.786 200.556 198.344 185.492 182.54 176.89
293.826 268.68 274.888 256.268 245.764 230.706 231.674 219.442 225.044 215.396 201.808 195.36 193.828 189.666 175.352 190.384
287.648 286.568 251.886 246.84 243.4 234.638 226.31 227.71 222.86 215.012 206.444 207.984 200.422 197.716 185.354 199.056
272.926 280.024 254.726 253.082 248.578 238.226 239.576 230.04 230.59 219.394 222.374 201.634 214.896 201.562 199.398 195.638
271.82 274.658 255.944 255.51 258.394 246.474 236.13 232.582 228.118 219.646 214.222 209.396 218.626 206.956 205.04 206.938
267.256 265.022 262.592 249.058 249.786 252.448 240.704 237.002 238.622 231.824 229.556 214.468 219.538 218.67 203.278 216.742
272.116 265.944 261.676 251.506 253.31 248.616 250.256 241.712 236.96 233.918 225.256 234.25 229.918 228.832 223.904 227.966
282.47 252.766 257.674 254.428 252.606 243.814 241.168 245.138 236.928 243.824 227.434 233.942 240.36 244.73 230.32 232.664
262.628 270.708 263.284 258.262 269.41 246.644 250.19 245.444 252.084 241.268 246.656 246.186 239.66 247.902 246.218 239.712
268.466 262.892 261.704 270.556 264.52 261.888 249.082 252.706 269.404 251.432 257.394 266.458 255.264 252.11 248.958 251.632
264.058 255.936 262.132 257.538 256.03 260.454 267.372 260.186 256.02 263.384 254.73 272.094 258.038 263.352 259.328 259.566