0.0 0.2 0.4 0.6000000000000001 0.8 1.0 1.2 1.4 1.5999999999999999 1.7999999999999998 1.9999999999999998 2.1999999999999997 2.4 2.6 2.8000000000000003 3.0000000000000004
2 3 4 5 6 7 8 9 10 11 12 13 14 15 16 17 18 19

745.814 740.476 733.404 749.508 749.178 733.188 726.54 717.972 714.08 717.66 729.23 703.046 697.454 683.59 683.334 671.042
572.292 567.022 546.492 550.25 524.88 515.362 484.216 491.03 481.254 492.954 461.828 462.234 465.202 443.15 459.132 459.302
459.818 426.868 423.52 431.696 402.68 403.692 387.696 384.296 399.098 397.63 396.686 421.704 404.236 413.802 417.388 412.482
374.248 378.198 361.722 355.2 332.66 328.012 332.698 321.582 355.542 347.778 347.412 346.88 382.928 355.636 370.992 379.172
340.18 337.608 336.026 330.922 322.954 331.764 320.006 317.362 316.262 326.662 320.524 312.322 321.024 336.776 348.214 359.508
333.752 316.57 305.474 300.416 307.704 306.514 316.28 289.962 306.952 292.188 304.264 308.504 329.468 320.192 315.334 323.936
306.79 301.876 306.012 293.5 286.36 289.526 294.698 285.324 301.024 285.538 287.992 306.664 288.124 292.768 309.798 331.174
296.788 291.948 279.194 282.614 276.33 275.952 266.286 283.718 268.522 269.348 282.26 286.974 291.416 297.152 300.508 281.22
287.18 286.264 277.236 283.174 275.962 275.128 262.274 257.716 273.944 257.432 278.64 269.564 277.816 275.306 283.034 306.32
281.748 283.166 289.622 276.816 261.978 268.462 267.428 254.054 265.824 264.79 271.582 270.348 263.562 280.702 282.304 272.692
295.3 284.192 261.006 267.316 270.274 275.436 268.488 252.624 257.674 266.38 279.042 262.806 278.942 258.138 260.944 276.546
287.854 280.25 276.216 267.474 273.464 258.29 257.37 264.364 269.268 264.992 254.84 250.302 260.76 275.79 272.084 282.338
274.084 278.556 275.54 281.288 269.54 266.38 255.774 264.34 264.286 267.062 248.846 247.102 260.77 268.198 277.096 275.19
267.968 277.36 256.876 263.876 265.3 247.8 258.772 267.218 261.364 254.474 258.722 255.744 260.324 255.176 264.48 263.472
262.984 278.02 266.836 266.634 256.762 260.19 265.928 253.652 266.93 260.78 254.916 243.764 260.142 255.558 261.164 247.26
256.354 272.56 260.592 252.93 269.6 256.834 272.472 249.664 253.408 262.286 264.332 242.586 263.596 271.4 248.328 269.838
257.932 270.276 264.846 272.988 253.406 260.812 265.332 248.068 261.012 250.65 270.544 268.056 258.998 257.18 261.696 264.34
266.914 270.412 246.304 272.566 257.064 256.454 257.006 269.706 253.058 263.304 259.75 262.86 264.514 259.96 262.892 268.572