0.0 0.2 0.4 0.6000000000000001 0.8 1.0 1.2 1.4 1.5999999999999999 1.7999999999999998 1.9999999999999998 2.1999999999999997 2.4 2.6 2.8000000000000003 3.0000000000000004
3 4 5 6 7 8 9 10 11 12 13 14 15 16 17 18 19

436.3937 425.7422 411.4681 405.7041 403.4814 398.4651 388.3361 387.4647 387.4032 396.6971 394.1245 391.5433 400.1214 406.8583 408.7093 414.854
292.3105 286.7357 284.5683 275.8481 276.0851 277.6785 278.841 279.1468 278.3304 290.2113 295.4605 311.5767 312.9834 320.8858 331.0171 346.2039
247.1159 245.1644 238.5512 236.2247 232.8553 231.3002 232.0244 235.4508 239.183 239.5919 250.9341 258.1547 264.6569 266.376 280.5197 285.3797
224.0405 219.4487 218.5938 213.2084 211.3942 211.7267 211.8562 210.7768 211.6486 214.954 221.3401 221.5893 230.1596 241.7049 250.873 252.7904
214.2346 206.8397 207.5813 204.1983 197.1086 196.5893 197.8943 199.4051 197.4286 199.0528 203.5209 210.1535 212.9557 219.5986 223.2261 234.3967
203.0117 199.7612 197.7432 193.4902 192.7689 189.3893 187.2605 187.3986 189.3516 190.8029 190.9479 196.1491 196.8818 202.4683 207.7797 215.611
193.9375 190.6557 191.1181 189.1157 185.5878 185.3619 184.9217 183.3406 181.8014 181.4051 186.3183 188.9316 191.7324 196.251 197.9951 204.0766
191.5524 189.6952 185.6035 184.8828 182.6791 180.7593 179.2865 182.9951 182.2131 182.1888 180.1785 180.7357 185.8676 186.8825 190.5826 192.1045
186.6896 185.0225 183.1306 179.5861 180.7687 179.4099 178.0515 175.6374 175.6376 178.2124 178.8242 177.2318 181.2773 182.1266 184.4735 184.3959
185.8535 182.7133 180.201 178.9101 176.3893 176.5427 175.5631 174.4902 174.5379 173.3842 174.0448 175.1219 176.6838 177.8157 178.6506 178.6694
182.5106 177.8567 178.0981 173.8076 174.6017 175.4993 173.8632 171.3207 173.1088 172.8468 173.1163 176.2317 173.1896 176.785 180.2531 178.1759
180.2187 178.1333 177.1028 175.1763 175.4842 174.3602 176.019 170.8686 170.8575 170.8665 173.8554 172.9958 172.4869 174.0402 174.3306 177.5007
179.523 177.2303 175.4267 173.5663 172.5743 173.9823 174.303 172.8023 173.1494 171.4525 172.3123 169.6067 175.1748 173.9283 176.2998 177.3336
178.3302 172.0488 174.5544 174.3268 172.6885 173.0121 170.5125 172.7868 173.6574 171.5113 172.6843 172.5999 173.8245 173.7982 174.4842 176.5524
173.4719 174.766 174.4404 174.3356 171.8411 173.6224 172.9814 171.6389 170.7921 172.4425 170.0824 171.0011 172.9953 173.6768 171.7105 176.9971
176.0674 175.9367 174.6624 172.8921 174.2406 172.7717 174.9421 173.8024 174.5857 172.28 172.7781 172.7854 173.517 173.7128 174.6531 174.952
175.1469 172.6177 170.8292 174.4698 175.448 173.7236 174.2603 173.1496 174.3146 173.3842 173.241 173.6274 172.0748 176.2406 174.1081 175.7235