0.0 0.2 0.4 0.6000000000000001 0.8 1.0 1.2 1.4 1.5999999999999999 1.7999999999999998 1.9999999999999998 2.1999999999999997 2.4 2.6 2.8000000000000003 3.0000000000000004
2 3 4 5 6 7 8 9 10 11 12 13 14 15 16 17 18 19

770.418 773.664 769.826 778.118 760.474 766.198 753.014 753.47 749.992 738.018 736.746 723.514 717.128 701.654 706.59 698.672
633.752 627.764 625.906 605.232 586.186 558.326 533.516 521.262 480.926 487.388 471.47 471.908 441.916 433.726 424.166 402.27
546.302 522.024 501.994 495.276 474.622 421.986 428.448 413.034 401.494 402.244 389.018 388.102 384.796 373.146 386.778 365.772
491.82 455.232 435.058 429.728 403.004 401.774 381.114 376.23 372.312 351.936 371.148 361.468 360.656 353.136 364.928 335.002
422.962 407.676 404.746 375.568 376.414 361.78 344.426 341.328 348.494 361.648 348.18 356.206 346.346 347.826 320.636 338.914
398.442 388.924 371.518 356.326 357.942 352.41 337.462 329.538 336.302 335.626 328.556 327.532 317.21 315.418 320.068 304.092
390.398 361.274 353.308 345.54 354.626 324.752 339.078 320.256 319.62 310.97 315.876 300.986 328.39 306.576 340.364 329.478
365.966 349.372 354.886 339.54 328.234 330.858 324.438 318.846 308.194 315.748 302.976 308.55 326.042 311.814 307.772 304.542
366.952 351.566 335.932 329.592 318.79 321.598 319.492 314.844 302.588 309.376 318.36 313.444 301.868 314.726 290.732 301.756
342.184 343.512 327.298 318.666 329.99 298.3 305.098 306.024 310.33 299.78 295.076 299.108 302.696 301.892 300.994 296.938
351.772 348.672 324.078 330.804 321.218 316.882 319.186 306.542 307.362 296.834 294.97 321.28 295.148 296.946 309.572 304.036
344.03 329.642 327.848 320.728 324.85 323.676 328.504 318.074 311.18 308.742 292.876 292.892 292.26 298.25 308.08 299.546
333.782 320.282 320.386 308.478 314.958 310.8 311.268 303.282 314.184 316.296 307.034 300.484 304.656 301.324 311.994 292.016
322.938 335.246 321.262 331.6 315.022 321.658 323.166 308.594 305.414 303.274 288.944 294.848 314.218 300.114 311.086 304.404
325.382 328.258 320.13 323.026 310.494 324.972 318.892 307.606 306.816 318.662 304.452 303.054 301.628 294.396 294.266 305.58
319.422 319.51 317.872 328.966 323.788 316.376 318.154 307.514 325.834 307.55 310.028 320.382 319.014 297.714 313.124 301.964
323.128 327.346 323.792 317.96 325.886 319.714 330.138 316.398 320.28 335.75 308.962 306.634 310.39 316.7 325.452 307.48
321.904 320.82 334.716 313.932 334.428 320.922 318.274 328.372 315.478 338.026 314.272 320.596 332.06 323.604 327.554 319.34