0.0 0.2 0.4 0.6000000000000001 0.8 1.0 1.2 1.4 1.5999999999999999 1.7999999999999998 1.9999999999999998 2.1999999999999997 2.4 2.6 2.8000000000000003 3.0000000000000004
2 3 4 5 6 7 8 9 10 11 12 13 14 15 16 17 18 19

640.132 613.614 608.47 607.166 587.228 561.472 571.89 567.196 542.352 535.186 527.484 480.936 487.5 460.5 472.122 429.772
338.106 336.13 312.136 315.09 275.32 260.684 263.662 239.992 251.848 230.05 234.674 240.186 240.374 195.346 206.492 201.224
231.508 225.18 224.318 210.97 201.552 190.3 180.72 173.574 165.146 189.738 179.678 170.422 163.778 163.934 169.646 177.766
200.438 184.168 179.28 171.046 178.164 157.648 152.09 142.012 150.864 153.25 144.952 156.824 160.18 150.614 156.444 141.016
191.732 174.332 161.664 162.838 158.356 154.404 149.0 152.082 135.324 142.68 136.082 138.736 146.882 133.644 146.806 133.626
165.816 177.602 163.784 155.278 153.914 147.638 142.122 152.364 145.704 132.156 137.728 138.75 148.254 135.104 128.064 132.956
163.976 156.772 146.986 151.986 145.286 139.46 136.864 129.64 129.766 125.214 129.44 126.968 121.752 127.358 133.58 126.52
157.054 158.504 151.386 147.514 135.454 140.512 138.908 141.848 138.72 121.582 132.498 133.648 132.308 122.486 118.496 114.194
150.638 152.738 151.696 151.594 140.826 138.324 130.1 129.318 124.744 138.326 119.036 126.886 129.096 129.412 129.49 128.336
158.048 158.12 152.098 141.676 138.052 131.3 127.654 139.938 122.466 135.712 123.84 130.294 130.454 131.896 128.794 129.434
152.896 145.726 143.722 139.496 148.392 126.258 127.12 143.154 128.608 126.402 126.624 133.988 132.062 123.454 130.71 128.606
147.03 149.726 151.454 136.406 135.968 131.772 136.832 131.292 129.07 136.438 127.722 135.804 130.062 124.81 132.67 130.484
152.886 137.548 142.472 139.606 141.106 143.688 145.992 135.118 127.378 126.238 138.066 134.152 122.584 122.954 120.93 129.76
145.256 136.026 139.946 140.056 140.282 136.066 136.548 131.658 144.39 130.564 132.858 131.168 128.336 134.858 127.65 131.094
148.834 142.846 141.308 138.946 138.38 135.882 127.592 137.454 141.13 130.362 137.83 140.694 142.518 139.136 136.334 137.23
147.704 142.458 136.832 139.508 138.684 138.448 130.732 147.26 145.642 142.074 135.34 139.148 133.15 136.94 147.814 129.742
138.602 139.012 142.212 140.522 134.546 136.822 138.422 143.41 144.232 138.416 135.73 136.994 126.32 136.82 149.338 142.112
147.1 139.878 151.71 152.09 150.45 138.632 143.182 150.342 147.72 138.332 150.562 135.064 140.362 139.578 139.042 141.662