0.0 0.2 0.4 0.6000000000000001 0.8 1.0 1.2 1.4 1.5999999999999999 1.7999999999999998 1.9999999999999998 2.1999999999999997 2.4 2.6 2.8000000000000003 3.0000000000000004
2 3 4 5 6 7 8 9 10 11 12 13 14 15 16 17 18 19

758.854 734.05 753.48 732.938 731.05 737.084 716.616 709.716 714.834 687.884 690.994 685.338 656.744 643.696 645.856 592.264
571.512 552.184 525.142 497.17 457.278 446.414 439.072 417.254 375.09 367.164 355.292 338.644 336.284 312.774 301.092 293.392
449.33 420.556 392.868 392.716 350.672 346.928 314.446 308.244 294.84 295.134 286.442 267.212 269.712 266.094 248.268 267.386
386.56 369.134 325.284 318.292 295.418 300.516 289.888 272.642 273.404 251.616 259.986 255.518 260.554 244.688 246.372 254.2
352.318 320.808 315.886 305.508 284.18 279.69 272.842 272.232 252.74 247.502 244.044 237.94 241.076 241.318 248.358 227.002
321.308 305.402 296.278 291.19 266.712 262.896 263.96 253.722 256.114 232.23 242.474 223.156 220.054 234.368 225.992 225.094
307.506 303.346 290.858 277.85 257.624 255.43 243.76 244.564 248.264 235.32 236.512 238.998 227.922 219.314 223.558 238.474
300.122 287.21 288.322 260.872 264.356 257.218 251.08 234.818 239.014 221.716 224.936 220.52 221.844 219.556 222.346 214.654
294.914 274.042 271.572 258.052 254.758 266.746 255.254 245.736 238.58 237.49 233.308 232.286 218.08 206.038 229.854 204.832
286.25 282.234 258.802 262.812 260.828 253.024 248.402 236.898 236.378 227.136 233.172 220.41 224.718 217.756 215.836 225.974
273.464 274.87 268.986 264.942 257.832 249.688 245.718 240.742 240.944 235.606 221.52 221.762 214.842 226.27 222.732 223.188
276.8 267.152 275.834 249.608 249.566 254.024 249.794 232.494 236.968 223.366 235.834 239.778 229.534 226.694 234.61 230.448
283.398 261.818 260.018 256.288 255.802 251.146 250.762 247.796 252.612 241.328 240.75 234.466 238.23 237.688 223.468 229.342
269.576 275.726 260.142 246.526 253.468 247.412 244.998 249.342 242.984 233.388 230.262 248.066 235.23 243.256 235.134 229.252
268.214 268.456 261.146 258.558 264.664 264.39 250.804 246.506 242.79 249.392 246.796 248.736 240.78 246.666 255.324 245.992
269.772 249.508 258.718 257.16 250.012 254.734 248.266 254.758 254.594 252.812 256.748 252.282 247.982 254.506 247.322 249.69
249.898 253.39 262.49 259.362 252.792 252.016 253.628 253.886 255.058 256.856 259.806 258.858 263.526 252.244 252.892 258.77
262.882 251.988 265.494 261.052 262.396 254.564 259.788 259.024 260.59 251.116 260.462 258.788 264.168 263.862 267.218 268.684