0.0 0.2 0.4 0.6000000000000001 0.8 1.0 1.2 1.4 1.5999999999999999 1.7999999999999998 1.9999999999999998 2.1999999999999997 2.4 2.6 2.8000000000000003 3.0000000000000004
2 3 4 5 6 7 8 9 10 11 12 13 14 15 16 17 18 19

752.036 745.02 744.014 738.182 726.396 734.552 730.294 706.906 721.046 702.024 704.306 684.628 691.106 673.1 682.338 664.008
585.854 561.052 543.698 525.65 528.072 510.276 476.206 465.568 429.406 453.974 439.652 444.976 431.048 426.428 411.864 428.51
449.344 413.494 426.332 395.024 400.614 371.75 377.54 380.232 354.024 370.618 361.862 358.76 358.582 342.544 348.206 358.196
374.762 364.114 349.96 345.01 352.966 343.55 326.198 325.604 332.594 324.95 324.086 333.918 324.744 331.666 329.778 336.184
336.906 333.338 326.022 330.882 317.448 305.136 301.668 304.21 309.476 285.82 313.39 309.668 311.792 314.966 313.566 287.624
320.226 310.602 302.356 295.732 282.922 291.99 283.778 278.54 292.958 266.532 286.668 294.516 286.82 301.464 290.036 303.812
308.526 297.178 293.44 283.86 299.608 281.256 269.8 277.476 290.002 275.394 285.932 301.9 282.184 297.226 292.762 291.818
280.944 281.08 299.164 287.518 284.962 278.336 278.84 268.008 259.342 274.632 267.264 255.078 262.87 267.358 280.646 297.12
292.822 272.142 272.224 265.172 264.82 268.714 255.81 248.042 265.314 270.25 271.21 262.088 258.108 268.044 277.854 272.674
283.694 277.904 279.38 283.038 280.306 268.598 260.47 260.332 239.236 254.378 257.196 267.856 254.584 263.354 260.27 265.414
281.186 271.334 276.21 263.842 261.984 271.04 251.908 264.128 259.758 265.536 249.892 254.842 265.86 256.402 262.91 253.642
280.934 268.342 264.176 266.596 254.194 258.13 263.176 261.294 263.282 248.592 258.264 242.356 261.198 268.762 267.774 250.708
270.33 266.572 267.672 256.272 270.164 253.674 262.862 252.586 254.274 259.002 250.412 242.096 248.544 256.05 251.972 261.184
274.888 278.858 259.146 251.478 260.732 264.322 252.024 256.814 270.604 255.812 269.276 258.946 259.046 249.642 258.342 241.634
265.544 273.796 257.36 262.462 252.966 261.608 257.032 259.312 270.37 241.286 262.162 241.024 255.958 256.138 247.698 260.482
267.764 262.3 263.656 262.996 259.802 262.284 260.728 255.914 248.198 262.118 257.556 254.116 261.156 256.054 259.756 252.792
267.278 271.48 268.44 257.252 251.978 263.244 262.482 258.146 262.544 256.312 240.71 261.446 260.504 252.608 264.26 248.286
265.098 253.25 257.922 254.08 251.14 268.446 270.712 258.802 263.084 266.284 271.578 271.394 257.598 268.76 259.736 270.614