0.0 0.2 0.4 0.6000000000000001 0.8 1.0 1.2 1.4 1.5999999999999999 1.7999999999999998 1.9999999999999998 2.1999999999999997 2.4 2.6 2.8000000000000003 3.0000000000000004
2 3 4 5 6 7 8 9 10 11 12 13 14 15 16 17 18 19

776.284 769.774 771.598 771.282 761.236 755.006 753.49 740.626 736.614 729.39 723.858 714.554 700.84 675.862 683.22 643.762
651.036 611.228 576.07 568.246 543.952 486.828 462.262 424.466 413.666 381.356 349.126 323.214 325.628 296.838 278.848 267.726
530.258 476.208 462.2 454.178 388.93 376.554 343.296 324.62 315.142 282.274 274.266 258.736 249.546 237.616 229.628 219.624
472.626 429.604 411.44 388.852 349.324 339.49 314.786 301.996 274.654 269.66 258.98 238.136 236.164 223.17 222.238 207.916
430.498 397.926 368.22 351.908 332.822 317.54 294.436 279.352 270.766 259.658 253.292 242.54 230.728 224.912 212.718 208.93
397.042 373.624 355.586 332.156 321.624 312.278 299.016 276.238 253.17 261.722 245.164 236.954 229.386 223.19 212.59 208.466
377.136 365.122 330.972 337.112 299.378 285.326 273.008 275.718 263.834 259.27 240.126 236.568 233.97 225.588 211.048 206.592
369.12 343.192 343.354 325.982 300.952 285.778 283.218 270.518 271.372 240.462 257.754 238.034 234.376 224.904 220.31 219.186
364.618 336.508 323.528 320.648 298.306 296.76 282.684 268.804 279.9 256.848 243.152 247.224 242.72 238.518 218.478 224.456
350.994 338.814 320.856 300.286 309.704 304.614 282.996 267.34 269.65 255.722 246.362 249.314 239.668 234.294 235.302 232.584
350.894 333.776 318.096 305.79 302.602 286.576 291.63 272.902 270.32 260.192 269.18 248.836 271.558 243.148 236.594 241.568
346.376 319.408 316.218 318.042 298.744 299.376 283.78 281.722 283.7 280.836 268.638 265.066 257.12 253.548 257.97 244.89
343.692 329.718 323.876 307.956 310.74 296.564 288.964 285.592 281.006 276.136 274.022 278.064 261.106 256.888 261.188 266.75
331.424 318.56 316.68 313.73 317.158 313.612 300.58 307.134 289.53 292.092 289.248 282.31 285.934 278.49 269.396 282.354
311.922 326.564 324.284 322.356 315.252 319.578 298.722 303.636 299.478 298.472 292.816 290.8 296.446 284.66 281.822 288.074
317.354 320.728 323.898 324.588 314.85 315.764 300.688 295.584 307.776 301.454 297.928 298.548 297.414 300.66 303.89 312.816
326.476 319.838 315.694 321.944 312.752 316.802 311.258 317.106 301.774 304.558 293.856 311.022 317.434 301.976 306.556 310.96
329.45 312.344 317.57 318.446 325.45 318.848 319.838 312.796 322.012 323.026 318.722 332.846 334.346 317.05 319.746 326.966