0.0 0.2 0.4 0.6000000000000001 0.8 1.0 1.2 1.4 1.5999999999999999 1.7999999999999998 1.9999999999999998 2.1999999999999997 2.4 2.6 2.8000000000000003 3.0000000000000004
2 3 4 5 6 7 8 9 10 11 12 13 14 15 16 17 18 19

770.516 753.536 757.2 772.064 767.918 767.25 754.49 754.682 743.974 749.38 736.95 738.116 715.142 720.636 697.716 693.436
442.596 436.334 437.782 431.534 401.57 431.276 434.02 447.076 388.358 442.186 416.158 449.234 446.47 416.928 441.694 447.344
316.026 304.154 297.788 322.206 308.402 329.894 322.694 308.114 345.02 342.046 365.998 331.096 357.036 364.33 367.766 409.586
246.426 234.852 236.276 243.902 239.104 229.654 237.746 238.122 246.472 263.852 277.462 288.202 294.568 310.434 308.0 317.376
239.488 248.438 234.784 239.982 226.39 238.848 233.28 268.096 255.732 247.124 272.034 271.63 280.048 289.666 311.666 303.128
207.26 192.274 200.05 203.076 190.926 190.002 202.504 203.796 206.78 208.224 208.57 220.79 217.838 230.578 238.72 259.49
182.326 176.666 176.614 171.972 181.096 169.596 179.442 185.612 178.216 184.31 180.37 192.552 178.064 202.286 207.98 212.1
188.282 185.098 179.414 177.556 179.064 162.376 171.282 163.82 185.012 171.458 180.444 167.79 173.552 195.42 195.912 208.632
192.594 182.346 171.316 177.09 172.948 173.358 165.114 164.038 165.538 180.128 166.624 170.486 186.232 194.216 180.952 194.756
219.93 209.238 206.986 214.266 218.118 209.168 211.812 206.534 218.94 217.644 222.506 215.092 222.122 217.088 217.138 230.376
183.97 191.466 177.554 189.706 189.708 184.404 183.02 187.946 182.26 175.292 183.118 192.624 187.146 185.338 198.054 187.71
187.828 182.114 185.82 176.866 185.856 172.326 176.626 179.008 179.508 176.622 180.876 191.776 195.772 182.586 201.236 200.298
141.312 152.6 150.808 144.098 142.726 145.158 142.982 143.946 149.694 143.556 147.106 152.286 147.908 147.042 156.01 158.376
162.988 160.862 172.318 157.734 167.462 156.196 159.812 169.742 164.214 162.92 163.06 167.016 168.608 172.61 174.638 178.23
178.982 191.262 179.894 183.642 183.368 185.812 184.172 184.402 180.768 185.52 176.778 182.754 176.544 184.768 172.276 188.42
127.346 131.04 123.924 123.906 122.048 128.32 118.092 130.8 127.224 122.182 123.82 127.558 120.742 123.176 127.006 125.676
134.042 133.094 131.06 139.89 130.802 126.978 128.012 126.89 132.066 137.596 131.004 137.19 125.408 125.626 131.804 128.232
184.214 173.066 175.364 179.178 163.272 179.696 177.272 169.57 174.36 165.526 169.89 172.046 179.084 172.378 181.734 177.766