0.0 0.2 0.4 0.6000000000000001 0.8 1.0 1.2 1.4 1.5999999999999999 1.7999999999999998 1.9999999999999998 2.1999999999999997 2.4 2.6 2.8000000000000003 3.0000000000000004
2 3 4 5 6 7 8 9 10 11 12 13 14 15 16 17 18 19

474.78 479.4535 464.107 459.0175 443.8545 436.0895 434.3105 409.5685 411.379 390.513 388.221 389.964 369.318 353.875 337.742 341.998
245.341 237.9075 238.622 233.051 221.9635 214.624 205.317 214.174 218.356 197.614 195.37 211.2 202.595 210.5725 211.7465 206.623
170.0285 177.4605 155.0455 151.7775 157.3865 152.709 159.2535 145.429 148.043 152.231 151.574 146.033 150.4415 161.3345 165.8965 165.0175
143.14 140.064 139.2945 143.6315 123.655 132.5635 134.3875 132.2385 130.8125 138.4915 126.466 127.413 135.9655 140.109 142.9155 141.196
132.152 130.6645 120.0945 127.272 121.7695 121.342 115.1 119.69 122.139 114.312 120.2175 120.953 122.3615 121.9945 129.641 132.7115
124.536 120.1825 118.115 119.1685 117.167 114.9205 108.4555 112.474 112.6585 113.0115 107.389 116.9715 113.7515 115.2305 113.352 119.3195
120.9325 119.2355 111.7095 111.4855 113.28 109.857 111.107 111.493 110.691 105.8315 111.2755 110.227 110.4635 113.3145 114.083 115.119
115.9625 114.073 109.281 114.434 107.9835 110.3925 109.275 104.6515 107.3425 109.3365 102.6335 104.844 102.71 110.437 106.341 104.299
115.173 111.5795 114.651 107.567 102.5015 103.977 100.4525 105.009 104.17 104.3625 98.8325 108.7795 102.768 105.7495 102.482 109.8745
112.903 109.3605 100.8605 106.2555 106.0325 102.689 104.6875 96.81 100.8885 103.535 103.708 111.05 102.0655 105.439 105.8125 105.998
109.4075 107.8915 108.462 101.3655 105.8885 101.3395 103.302 99.07 102.5615 102.691 101.2385 98.7805 103.2325 100.1495 97.2355 103.25
110.4155 107.634 107.098 106.6645 105.116 100.47 104.9045 101.544 104.094 108.5155 103.1685 102.3725 95.2615 100.5855 101.4125 100.1775
104.399 106.2445 103.5565 103.8985 104.3315 102.485 104.3 100.466 102.5665 103.6975 101.08 98.954 100.0405 101.322 101.4995 96.7635
108.75 107.9085 108.616 101.765 103.13 100.4165 103.103 101.053 97.829 100.4095 98.8805 104.974 100.9365 103.959 98.8165 103.746
106.596 104.166 103.812 106.177 104.2125 103.739 105.699 103.4045 100.7985 102.2155 104.1745 102.1795 101.509 105.458 104.965 101.288
106.3065 105.9085 106.1125 108.211 104.4995 98.3635 104.6655 104.5975 103.213 104.6345 105.873 103.603 99.635 105.229 106.0385 104.432
100.3055 107.642 99.379 104.911 107.7175 98.359 103.766 104.011 94.5645 101.0695 104.6095 104.791 105.7035 105.157 102.3945 103.1915
104.9935 103.255 104.1715 112.471 108.608 101.1685 107.1275 104.9925 106.479 104.475 97.8205 109.8455 107.4045 107.657 104.3635 103.8885