0.0 0.2 0.4 0.6000000000000001 0.8 1.0 1.2 1.4 1.5999999999999999 1.7999999999999998 1.9999999999999998 2.1999999999999997 2.4 2.6 2.8000000000000003 3.0000000000000004
3 4 5 6 7 8 9 10 11 12 13 14 15 16 17 18 19

437.6351 404.9932 383.9778 353.6374 333.2646 305.8716 289.0117 271.6002 259.2862 248.1231 241.9245 229.0764 218.7188 215.5656 210.4405 199.9831
298.442 276.8224 259.8657 243.3939 229.0141 212.7735 207.5734 196.7167 190.8963 184.628 181.918 175.2935 171.4643 165.9267 167.5061 162.7361
248.5326 234.5722 222.5572 211.41 197.6389 189.5559 179.7616 174.0808 168.5555 163.0861 157.9789 156.2066 155.3642 153.8141 152.4795 151.5413
225.4564 213.8421 204.8808 193.9757 184.6233 176.6476 171.4132 165.6551 159.4521 154.5358 152.6189 151.5447 147.0487 146.2584 147.0946 143.9616
213.3009 201.1758 196.0371 185.2826 176.2013 170.5868 164.6917 160.915 155.1634 152.3789 148.6616 147.2707 144.4963 140.2806 141.8334 138.823
200.3434 192.2702 186.9245 177.9724 171.9437 164.8505 160.6931 154.7934 150.775 147.4626 145.5438 141.5781 141.6738 141.3694 137.856 137.8917
197.2312 188.9176 179.7635 172.3076 168.4426 162.3371 158.5468 154.7328 151.342 147.9301 144.9178 143.838 138.9513 137.9216 135.0291 135.1473
189.9673 183.0194 178.6173 171.5207 167.265 163.4907 157.8971 154.6233 148.7257 146.472 143.5927 142.835 141.8597 139.7378 138.3603 139.251
185.0097 181.2486 176.3484 171.2938 164.2432 163.0894 155.5152 157.1778 152.0027 150.0049 149.2189 145.5092 143.4573 142.0155 138.8308 140.7718
183.6083 180.1159 173.0971 168.4198 165.5202 162.6718 159.8416 154.6854 153.0455 151.605 150.4201 148.9173 146.8484 144.1868 141.7973 140.5958
181.7066 177.5401 171.6746 168.381 166.9861 163.3238 158.7445 155.3854 155.0509 154.1263 151.7343 151.919 150.0569 147.2443 145.4082 144.3813
181.4863 174.3935 173.0458 169.5921 168.2156 164.1184 160.9288 158.7419 158.2808 155.7338 155.5066 154.0971 152.4435 151.3716 148.8846 149.9287
176.9959 174.0503 170.577 170.0959 169.5818 164.9987 166.2955 159.5015 160.0282 159.5307 156.2447 156.9935 155.4483 155.7819 155.5323 155.3377
174.3848 171.9245 170.8872 170.777 171.3347 166.1164 164.7674 165.6976 164.3417 161.1474 161.5428 160.8957 159.8728 157.7405 160.9073 157.2361
177.463 175.5652 171.292 170.5479 170.5012 168.3952 168.3425 169.3492 166.5805 165.944 165.8476 166.2419 163.3541 163.9687 163.6068 161.7929
174.7576 173.0648 169.7588 171.9743 171.3881 168.8081 170.1184 174.797 170.1811 171.6754 170.7862 169.6362 168.6741 168.2265 167.2126 168.5535
170.7458 173.3502 173.9256 174.4572 171.6448 173.8086 171.5136 175.9085 174.7116 175.5534 173.8463 173.6799 173.3739 175.2681 172.1357 173.3834