0.0 0.2 0.4 0.6000000000000001 0.8 1.0 1.2 1.4 1.5999999999999999 1.7999999999999998 1.9999999999999998 2.1999999999999997 2.4 2.6 2.8000000000000003 3.0000000000000004
2 3 4 5 6 7 8 9 10 11 12 13 14 15 16 17 18 19

733.758 730.586 724.44 737.488 717.604 715.612 722.438 704.628 715.48 701.966 707.24 694.852 693.912 680.818 662.828 687.8
387.802 373.008 382.066 381.296 369.942 373.784 382.724 390.91 391.794 378.638 377.41 402.592 356.614 417.302 389.842 389.59
321.158 301.73 299.674 296.522 296.292 298.0 310.184 298.396 333.014 315.866 341.45 339.602 335.132 354.776 355.62 350.95
289.342 276.522 270.858 263.472 277.976 278.222 263.736 299.652 264.82 277.612 295.518 298.19 289.302 320.876 315.616 322.522
252.542 274.596 257.548 259.996 261.036 259.066 264.332 253.396 278.084 265.438 274.618 279.282 296.83 288.676 310.856 316.004
229.918 213.832 210.902 210.048 220.892 216.73 205.408 220.71 227.43 215.842 225.778 234.044 242.436 256.208 262.982 256.088
233.37 226.49 218.576 207.362 226.176 216.29 208.84 225.184 219.532 216.692 232.632 208.852 231.32 242.836 245.852 249.568
183.418 183.124 183.736 185.226 187.406 177.552 174.724 180.602 176.94 192.886 176.266 196.716 195.872 198.382 189.866 204.29
195.29 193.204 185.206 181.264 192.35 173.872 175.686 182.488 180.192 174.354 184.686 175.178 188.122 188.204 205.578 200.834
165.748 173.148 161.438 173.7 171.658 169.234 161.434 161.798 162.842 161.656 164.76 164.142 178.066 172.266 181.984 176.338
203.452 201.11 193.754 200.094 196.464 194.284 193.046 196.462 213.67 206.004 192.194 207.524 208.25 201.248 208.558 211.658
169.22 170.168 171.482 169.38 165.018 164.956 166.036 166.876 170.906 169.598 162.04 172.814 177.436 186.694 177.724 177.216
182.552 174.42 190.706 178.844 192.022 182.078 175.01 183.136 185.936 177.674 185.472 183.648 189.738 179.0 182.96 189.524
170.876 181.68 164.94 162.806 174.006 166.216 174.812 167.514 180.416 171.34 169.358 176.522 178.594 167.848 184.582 197.414
168.944 169.468 171.778 161.506 169.582 161.836 175.734 158.014 161.534 163.814 167.588 166.758 165.336 174.172 167.932 168.214
195.03 199.366 192.048 179.034 196.88 186.052 186.736 183.046 188.256 198.998 193.084 195.538 189.332 190.012 198.292 199.612
178.866 171.58 180.516 170.45 170.962 171.956 177.484 175.336 179.714 180.038 172.086 180.77 189.266 180.482 174.33 177.958
170.572 155.484 156.984 158.326 149.24 159.828 161.326 158.808 155.164 161.746 165.688 152.398 169.192 160.406 159.304 156.698