0.0 0.2 0.4 0.6000000000000001 0.8 1.0 1.2 1.4 1.5999999999999999 1.7999999999999998 1.9999999999999998 2.1999999999999997 2.4 2.6 2.8000000000000003 3.0000000000000004
2 3 4 5 6 7 8 9 10 11 12 13 14 15 16 17 18 19

711.238 721.892 692.482 663.754 690.37 638.396 638.036 621.95 614.042 608.93 586.72 569.398 581.706 544.582 523.268 520.796
428.856 402.94 392.046 370.394 318.58 324.268 274.162 272.514 270.1 245.3 219.458 213.024 207.984 189.252 178.304 177.474
277.036 254.448 218.392 214.638 194.436 184.126 170.184 160.46 149.464 144.596 134.028 129.118 125.496 116.738 119.586 116.182
233.46 215.206 219.636 196.734 186.09 168.22 167.958 162.03 150.268 149.354 135.32 135.024 131.366 125.218 124.096 121.222
200.814 178.42 177.218 170.842 164.714 161.786 149.194 144.354 136.512 137.336 125.634 119.778 124.55 120.368 112.958 114.04
203.256 199.926 187.902 181.518 162.136 167.958 159.26 148.09 149.152 137.394 131.64 130.402 126.64 125.348 117.752 116.376
224.236 215.7 210.9 205.076 187.798 177.868 186.546 166.096 170.332 155.564 163.18 159.06 149.85 157.868 146.594 146.24
195.68 193.022 169.474 168.834 165.51 153.924 149.24 141.618 147.886 140.864 148.768 141.078 135.438 131.224 128.956 125.614
195.644 199.918 192.066 183.398 171.55 165.176 155.474 147.626 141.824 147.038 134.288 134.292 132.97 137.674 134.352 129.062
198.158 192.402 180.348 178.626 175.742 171.604 163.258 161.288 161.49 149.66 148.274 150.266 141.832 145.106 144.364 137.28
205.596 199.2 172.642 183.66 179.886 169.774 171.404 171.08 172.768 167.656 160.814 163.098 157.504 155.454 165.608 159.444
202.474 215.428 204.196 195.498 188.326 190.394 182.152 173.794 182.642 182.338 172.252 169.102 164.346 169.558 158.224 159.63
161.002 157.936 149.372 153.732 150.272 148.948 141.598 137.844 131.098 132.858 133.436 135.212 129.736 128.018 129.42 124.244
184.24 190.59 186.666 185.4 178.476 175.104 174.974 174.808 175.958 181.67 173.01 171.644 173.532 175.756 176.932 166.774
172.066 164.6 162.54 173.64 175.74 169.16 175.604 161.728 156.778 157.384 161.172 173.86 155.226 158.694 143.606 160.786
175.868 168.664 166.044 164.008 160.822 167.69 168.694 169.044 158.228 164.72 162.166 170.706 172.03 154.878 174.598 161.98
156.236 161.642 165.914 159.696 149.93 153.08 156.62 155.392 161.502 157.084 157.188 152.062 148.94 160.81 146.726 157.058
155.312 179.248 178.308 160.834 175.97 174.168 174.616 181.636 170.196 179.826 176.332 174.506 189.192 180.982 166.238 174.588