0.0 0.2 0.4 0.6000000000000001 0.8 1.0 1.2 1.4 1.5999999999999999 1.7999999999999998 1.9999999999999998 2.1999999999999997 2.4 2.6 2.8000000000000003 3.0000000000000004
2 3 4 5 6 7 8 9 10 11 12 13 14 15 16 17 18 19

776.098 773.922 771.362 766.054 773.742 765.246 763.97 759.886 755.63 756.166 751.6 738.51 731.982 727.822 717.642 710.378
653.458 638.256 622.49 613.738 609.246 569.432 562.604 556.774 535.154 525.076 527.508 516.796 499.824 487.456 502.178 488.582
535.78 518.438 530.584 499.206 499.944 481.376 459.376 464.558 477.84 461.454 445.456 431.956 455.636 454.998 435.286 435.184
453.312 447.916 450.956 437.958 414.552 412.426 420.788 418.128 413.744 408.838 422.956 429.55 444.308 410.432 411.822 415.994
448.216 427.368 403.934 408.17 384.0 380.356 403.048 372.288 393.052 391.42 371.862 396.534 392.552 392.268 391.596 421.316
393.156 405.208 379.37 392.882 378.994 358.9 368.96 367.906 365.96 373.302 391.53 374.76 371.332 376.102 376.188 378.822
368.482 367.712 355.512 374.438 360.666 350.406 359.262 349.28 357.322 360.054 356.794 337.634 346.592 346.484 357.408 375.2
362.97 370.56 368.846 359.866 349.312 359.664 345.102 333.776 343.852 330.93 322.464 343.138 353.758 350.564 347.298 344.326
365.716 350.52 344.296 348.592 339.402 331.604 345.168 328.138 323.43 311.934 337.548 329.788 338.058 336.46 346.54 347.902
344.21 331.152 344.13 345.896 325.2 329.702 333.504 314.174 333.406 336.952 339.672 320.746 330.884 314.628 323.678 340.256
351.924 344.192 341.124 339.95 322.108 328.864 318.388 324.942 320.168 326.484 319.028 327.162 324.938 321.254 330.672 323.846
337.086 334.04 328.532 331.42 330.764 325.432 315.432 316.738 333.292 311.412 316.984 315.624 320.668 337.778 321.422 320.016
325.194 335.576 338.404 340.798 329.866 323.792 323.818 319.446 335.1 313.388 318.128 316.288 329.344 316.568 306.25 321.308
328.466 336.218 306.05 328.304 325.594 327.892 320.244 320.52 312.578 328.994 321.442 319.952 328.69 323.218 308.256 303.872
319.11 341.156 325.94 333.362 308.456 323.698 326.262 332.15 326.3 314.712 312.412 321.222 315.126 312.742 315.066 325.528
325.422 319.51 322.252 319.996 322.718 323.22 319.216 325.038 316.85 310.12 326.378 316.856 316.298 319.29 310.57 313.426
321.008 318.762 327.08 317.598 316.45 318.084 320.39 318.59 321.646 324.304 319.434 312.934 324.9 314.588 320.598 310.282
331.676 312.276 336.464 319.958 313.456 329.044 320.87 329.788 321.13 323.004 343.83 324.082 321.696 323.254 306.008 324.402