1 2 3 4 5 6 7 8 9 10
2 3 4 5 6 7 8 9 10 11 12 13 14 15 16 17 18

219.31 139.181 104.457 92.9795 92.5705 86.718 86.5405 80.26 81.724 80.851 79.4445 81.5245 82.9195 81.41 82.1695 80.094 86.5055
207.441 116.282 93.077 84.4195 81.253 79.1185 78.6615 76.6135 78.96 78.31 78.2395 78.657 82.157 79.749 83.4325 82.4835 87.06
186.9355 99.7765 85.81 76.7875 76.2115 74.4615 74.771 74.6345 72.3905 75.9335 78.658 77.015 77.7635 80.359 77.908 83.1415 87.618
170.047 90.4095 75.678 74.297 72.0325 72.9425 69.6585 72.339 70.632 73.7275 78.179 78.124 77.4185 82.482 82.088 85.9985 86.084
157.1415 86.0895 74.199 68.8985 70.829 70.697 71.275 74.065 73.4905 74.52 77.88 78.23 78.1445 79.426 83.3105 83.579 87.0075
142.943 80.5835 71.9895 71.739 70.453 68.505 71.177 73.581 72.3425 78.167 74.7555 79.947 78.692 80.964 84.9175 85.5995 85.6495
135.8515 76.7855 68.362 67.5995 68.9365 70.9015 69.1345 70.1615 73.6225 74.6255 77.99 80.1825 79.2465 79.722 82.3095 85.6715 85.1375
124.6075 75.621 68.85 67.1845 68.725 71.6065 70.688 73.462 73.7275 73.492 76.619 76.6605 79.4915 82.6585 83.6385 85.1555 86.275
119.822 73.4765 69.1815 66.4585 69.75 68.7355 72.1215 70.6595 71.639 74.3235 77.471 79.1675 79.728 81.547 79.748 82.3985 86.717
114.9005 70.8465 67.6685 65.559 70.152 68.447 70.4975 72.3745 74.4495 75.613 77.864 78.106 80.102 78.936 78.537 83.9745 83.869