0.0 0.2 0.4 0.6000000000000001 0.8 1.0 1.2 1.4 1.5999999999999999 1.7999999999999998 1.9999999999999998 2.1999999999999997 2.4 2.6 2.8000000000000003 3.0000000000000004
2 3 4 5 6 7 8 9 10 11 12 13 14 15 16 17 18 19

1238.66 414.8 200.96 222.58 190.18 159.32 158.18 160.98 164.54 141.0 149.36 127.18 172.68 158.68 162.58 170.48 142.32 138.3
867.34 379.26 266.2 166.04 150.3 193.96 121.38 125.62 136.8 128.68 149.28 126.86 133.04 183.34 107.22 118.12 149.48 152.24
912.72 355.86 236.08 180.68 208.58 137.26 126.52 137.06 130.04 140.92 113.8 131.58 136.26 162.16 131.96 146.64 170.54 132.0
1092.46 340.46 222.16 212.2 159.14 147.72 138.88 169.28 141.46 150.12 131.88 126.64 131.02 137.94 132.66 120.26 148.42 128.1
1026.46 311.14 172.58 165.88 162.4 135.84 131.54 146.74 135.54 147.46 113.62 167.86 189.18 138.38 131.2 132.62 126.96 102.84
1043.88 212.76 186.48 157.02 110.36 139.42 126.88 174.0 149.98 152.86 119.48 160.58 145.14 123.28 145.02 137.96 150.66 152.98
1001.26 324.32 211.92 154.6 161.04 150.06 124.54 128.82 133.7 131.08 124.8 126.38 132.06 137.8 167.68 174.04 115.64 153.46
912.74 298.42 176.96 144.66 190.14 165.42 162.74 136.74 105.96 127.28 126.26 134.34 127.78 131.18 191.56 125.44 136.4 134.24
859.04 236.7 202.14 150.48 166.84 149.94 171.08 112.96 88.48 125.94 139.88 149.12 110.74 159.64 141.94 137.96 120.94 147.02
890.6 198.66 158.16 190.28 140.2 135.56 126.26 109.62 128.12 147.32 138.2 138.42 146.02 123.62 135.9 148.08 128.56 196.16
944.9 305.82 160.96 182.42 147.04 135.26 156.94 119.78 122.68 105.66 131.1 143.54 135.76 129.6 125.6 125.1 118.32 150.02
914.46 263.4 180.4 145.72 146.66 142.14 110.9 126.8 145.12 149.68 126.18 169.4 115.5 142.44 128.4 146.92 165.94 148.02
762.74 283.84 177.98 143.58 130.64 124.34 141.14 115.54 114.6 134.78 135.08 108.84 106.16 132.24 158.24 111.4 130.06 132.52
699.74 269.34 175.88 160.4 200.36 122.44 110.98 145.18 127.08 135.08 129.28 141.1 130.38 102.74 138.96 128.98 161.4 189.94
646.98 210.76 242.78 149.0 141.5 226.66 130.22 110.5 130.0 159.92 148.56 125.56 124.96 109.36 140.72 173.06 131.76 159.38
635.74 254.9 225.1 259.14 144.08 162.86 87.76 148.3 157.42 152.7 125.0 116.14 117.6 129.06 112.2 114.12 144.16 119.54