0.0 0.2 0.4 0.6000000000000001 0.8 1.0 1.2 1.4 1.5999999999999999 1.7999999999999998 1.9999999999999998 2.1999999999999997 2.4 2.6 2.8000000000000003 3.0000000000000004
2 3 4 5 6 7 8 9 10 11 12 13 14 15 16 17 18 19

798.084 798.672 797.602 798.636 798.124 797.482 796.876 796.244 797.144 795.294 796.39 795.172 795.128 788.756 789.87 785.42
714.482 718.282 709.096 719.934 717.236 715.364 708.268 711.98 706.312 702.922 690.418 705.69 681.854 693.138 694.34 677.206
665.6 678.472 677.274 687.836 671.846 665.216 689.67 677.24 668.04 673.942 646.806 682.488 671.342 683.506 645.57 672.564
625.426 624.606 621.38 616.578 602.634 618.586 599.828 631.986 631.936 646.426 640.682 640.458 625.148 618.712 647.148 621.03
565.766 575.012 582.01 594.14 577.486 584.432 579.854 568.232 580.944 584.294 587.124 592.604 607.58 628.108 612.718 624.892
516.822 515.378 514.77 514.2 525.72 506.214 528.452 526.66 530.014 528.154 530.896 547.114 561.718 557.318 573.2 552.3
503.41 525.94 517.19 520.272 516.252 504.914 536.06 544.554 535.674 544.888 537.134 550.162 560.106 537.52 566.996 563.384
516.362 509.99 517.6 507.792 498.416 503.708 510.996 501.048 533.234 531.526 540.724 537.734 566.764 548.292 542.03 533.178
505.766 500.624 496.15 487.352 504.544 494.782 508.374 498.438 503.39 511.64 518.318 519.402 522.008 522.52 525.794 527.088
471.54 502.786 472.242 474.96 479.546 491.514 482.326 502.988 486.1 487.142 506.694 496.838 501.288 514.302 493.39 491.734
437.954 453.966 450.786 452.238 459.47 448.026 452.238 468.84 467.634 468.574 467.468 479.224 475.664 487.448 491.486 497.182
463.8 482.772 472.366 463.728 476.888 474.854 471.844 482.694 476.198 482.05 473.988 485.32 496.452 496.266 502.802 491.42
446.552 461.138 451.386 449.458 450.762 440.086 451.768 461.986 438.878 450.768 463.898 451.874 465.172 474.348 463.746 453.388
459.768 461.616 465.23 457.336 458.184 467.734 457.09 451.634 469.752 462.018 469.592 463.17 474.902 462.488 482.608 473.7
443.59 448.414 442.306 447.972 440.614 440.928 436.962 452.336 431.998 438.438 447.862 444.49 439.252 442.634 441.668 452.008
446.11 446.422 455.4 440.69 433.092 442.204 435.538 444.594 430.468 448.192 453.068 457.728 431.556 440.084 456.856 447.58
442.686 436.608 448.756 431.366 441.916 435.512 431.378 457.736 437.846 432.338 449.912 428.682 438.682 451.706 434.978 449.364
435.548 445.262 430.51 428.592 442.948 436.75 436.126 433.352 431.374 436.502 438.012 438.5 422.184 426.714 440.258 420.784