1 2 3 4 5 6 7 8 9 10
2 3 4 5 6 7 8 9 10 11 12 13 14 15 16 17 18

213.5815 129.778 93.447 81.1825 77.281 72.623 71.987 70.177 68.4015 68.9595 67.3695 66.735 66.272 67.0695 66.444 66.4985 67.1895
201.275 110.456 88.3005 77.641 75.4815 71.8725 69.497 67.4575 68.888 67.4995 67.011 65.923 67.403 66.8435 67.7575 69.202 67.74
182.795 101.9195 78.6355 74.138 71.538 71.0885 69.47 68.9055 70.015 69.26 69.2965 66.5515 69.3025 67.8495 68.663 69.276 68.566
172.5285 93.667 76.316 72.631 69.765 67.2495 68.392 70.2595 70.133 69.24 70.72 72.1845 67.867 71.0885 70.1405 70.912 70.5525
159.387 85.4965 72.993 71.391 71.3495 69.923 71.3435 73.035 71.041 70.6315 72.7385 70.802 70.386 70.4355 76.014 70.6465 70.7765
144.269 82.587 69.968 69.762 69.45 69.3095 70.864 70.7465 72.1085 72.6865 72.5915 74.02 70.5545 71.136 72.078 73.3685 70.2375
142.313 78.8525 70.251 71.2915 67.384 69.9145 71.9415 70.937 71.3085 73.58 73.3775 72.804 73.967 72.561 73.604 73.239 72.632
128.93 74.9535 71.432 69.3755 69.3945 68.645 72.5575 71.8155 74.154 73.247 71.7275 73.0675 72.796 73.244 75.644 70.8885 70.867
125.0675 76.6795 68.1445 68.691 69.352 70.1595 72.466 73.0135 74.085 73.3385 73.717 72.854 73.6985 73.3845 74.5735 72.1835 70.69
120.6715 74.773 68.609 71.3125 69.4315 72.0115 70.7135 72.6305 73.8585 74.3675 74.7865 74.572 75.737 73.8955 72.4625 72.8575 71.8645