10 11 12 13 14 15 16 17 18 19 20 21 22 23 24 25
2 3 4 5 6 7 8 9 10 11 12 13 14 15 16 17 18 19 20 21 22 23 24

210.067 190.931 183.568 176.541 177.639 170.637 177.729 171.16 173.388 174.198 172.193 175.519 176.473 173.872 171.729 177.122 173.103 0.0 0.0 0.0 0.0 0.0 0.0
202.652 195.416 183.424 179.515 180.11 171.884 177.928 179.463 176.529 175.604 174.795 168.628 178.23 171.16 173.967 170.637 171.541 0.0 0.0 0.0 0.0 0.0 0.0
210.125 195.722 185.341 178.066 180.102 176.994 168.585 170.792 178.21 176.277 166.834 172.635 176.32 175.49 177.513 175.671 176.107 0.0 0.0 0.0 0.0 0.0 0.0
199.994 191.406 186.96 178.448 180.033 175.648 172.5 178.323 173.495 179.32 170.64 179.664 170.255 173.09 167.687 167.23 169.596 0.0 0.0 0.0 0.0 0.0 0.0
202.455 189.165 183.8 179.673 178.013 174.493 172.481 173.305 167.647 177.46 175.748 164.565 168.851 170.069 176.966 168.342 178.634 0.0 0.0 0.0 0.0 0.0 0.0
212.874 189.918 185.189 184.737 177.337 172.534 177.217 173.421 174.142 169.968 167.481 173.333 173.46 173.647 170.253 171.9 172.657 0.0 0.0 0.0 0.0 0.0 0.0
205.511 191.752 186.371 181.559 177.16 175.858 180.524 170.85 171.446 172.783 173.543 171.421 175.595 168.786 169.686 172.984 171.504 0.0 0.0 0.0 0.0 0.0 0.0
206.026 187.122 188.564 184.28 180.332 184.162 178.254 175.911 173.98 174.94 170.611 176.872 176.272 164.32 173.383 175.509 168.743 0.0 0.0 0.0 0.0 0.0 0.0
211.906 186.193 183.312 182.877 174.782 181.784 171.177 175.436 173.318 177.185 171.573 175.368 168.751 165.702 172.768 173.36 170.957 0.0 0.0 0.0 0.0 0.0 0.0
206.912 185.227 184.689 187.272 174.104 171.748 169.305 169.275 180.61 180.42 173.112 174.768 171.773 172.443 173.281 172.544 174.267 0.0 0.0 0.0 0.0 0.0 0.0
204.021 191.057 190.819 174.603 178.052 168.238 179.803 172.741 180.973 168.461 175.777 178.294 172.17 170.714 171.175 166.035 172.039 0.0 0.0 0.0 0.0 0.0 0.0
207.201 190.316 186.13 180.889 181.466 176.577 181.638 166.741 174.764 171.864 170.877 172.459 178.705 170.031 174.562 170.555 167.452 0.0 0.0 0.0 0.0 0.0 0.0
204.61 191.015 178.692 172.938 184.186 173.775 175.156 180.222 171.563 168.575 180.965 172.187 173.621 175.965 167.787 174.313 171.987 0.0 0.0 0.0 0.0 0.0 0.0
203.45 193.494 193.249 181.589 177.39 172.435 181.485 176.654 179.297 170.209 169.174 174.754 169.524 169.748 170.86 170.057 171.104 0.0 0.0 0.0 0.0 0.0 0.0
208.361 193.528 179.6 185.33 180.942 180.418 178.343 175.906 167.913 178.226 165.764 175.07 172.011 167.547 173.818 169.408 166.183 0.0 0.0 0.0 0.0 0.0 0.0
204.115 190.0 187.966 181.079 178.014 180.69 167.59 171.477 173.581 171.232 162.585 165.958 174.576 166.741 170.629 171.841 171.352 0.0 0.0 0.0 0.0 0.0 0.0