10 11 12 13 14 15 16 17 18 19 20 21 22 23 24 25
2 3 4 5 6 7 8 9 10 11 12 13 14 15 16 17 18 19 20 21 22 23 24

90.725 52.351 55.698 54.55 54.981 56.945 57.974 61.128 63.78 65.218 65.611 68.437 70.091 77.651 76.76 78.038 83.82 0.0 0.0 0.0 0.0 0.0 0.0
85.879 57.458 52.811 56.238 54.93 55.927 58.616 60.272 65.282 63.888 64.365 67.199 73.423 75.215 80.935 82.68 87.03 0.0 0.0 0.0 0.0 0.0 0.0
83.259 55.943 51.819 52.755 54.031 55.992 57.724 63.076 64.502 63.391 65.369 70.612 70.382 71.172 78.247 82.821 85.104 0.0 0.0 0.0 0.0 0.0 0.0
79.202 55.568 51.219 51.696 55.664 55.961 58.247 59.312 64.761 65.901 67.695 70.458 73.436 73.42 77.799 82.509 87.476 0.0 0.0 0.0 0.0 0.0 0.0
79.198 53.062 51.002 53.24 53.52 54.368 59.535 57.207 62.754 67.025 64.751 71.491 74.049 74.663 82.685 82.812 86.862 0.0 0.0 0.0 0.0 0.0 0.0
81.026 54.3 50.594 52.378 52.848 56.118 56.138 60.744 60.578 65.467 66.066 70.976 75.775 74.709 78.902 82.213 90.27 0.0 0.0 0.0 0.0 0.0 0.0
78.728 53.511 49.854 52.478 53.75 57.889 60.757 57.501 60.488 66.105 70.07 70.2 74.143 79.178 76.892 80.7 87.855 0.0 0.0 0.0 0.0 0.0 0.0
75.917 53.812 51.956 52.763 54.313 56.653 60.411 63.793 62.407 65.834 64.007 71.311 70.558 79.848 78.786 85.162 87.715 0.0 0.0 0.0 0.0 0.0 0.0
74.204 53.773 51.928 51.358 55.76 56.336 59.203 59.849 61.28 63.512 67.407 66.369 75.079 74.438 80.281 81.466 89.593 0.0 0.0 0.0 0.0 0.0 0.0
73.565 53.673 53.484 52.472 51.459 56.751 54.503 59.387 61.783 61.167 67.055 69.434 69.443 72.944 77.315 82.701 87.092 0.0 0.0 0.0 0.0 0.0 0.0
78.821 51.499 50.792 53.567 52.102 55.173 59.415 58.406 62.53 63.498 67.998 68.118 73.145 77.712 81.783 84.31 87.277 0.0 0.0 0.0 0.0 0.0 0.0
75.932 52.864 51.765 52.445 55.177 59.701 57.212 57.62 61.279 62.767 65.868 71.149 71.086 76.631 85.476 79.098 85.551 0.0 0.0 0.0 0.0 0.0 0.0
72.587 53.522 51.552 51.928 54.59 56.569 58.436 62.238 62.598 64.17 69.198 68.454 74.246 78.994 79.695 84.634 85.728 0.0 0.0 0.0 0.0 0.0 0.0
73.03 55.147 50.457 52.745 54.329 56.553 59.906 60.922 58.889 65.041 67.968 72.258 73.175 80.795 76.465 79.305 84.646 0.0 0.0 0.0 0.0 0.0 0.0
73.863 50.949 50.962 51.586 55.072 54.663 58.621 58.768 62.535 62.28 66.103 67.43 72.193 72.233 82.0 82.15 84.077 0.0 0.0 0.0 0.0 0.0 0.0
75.566 52.279 49.178 52.113 55.615 57.874 58.205 60.615 61.2 67.322 66.138 71.314 72.222 75.204 77.243 77.478 84.129 0.0 0.0 0.0 0.0 0.0 0.0