1 2 3 4 5 6 7 8 9 10
2 3 4 5 6 7 8 9 10 11 12 13 14 15 16 17 18

217.163 132.823 101.7965 90.1955 83.7655 80.153 77.716 76.874 74.2195 72.1975 76.08 73.2435 73.892 74.897 75.623 75.718 74.743
202.1935 111.1215 89.2485 84.046 76.4615 74.4445 72.9615 73.8155 71.238 71.856 73.2695 73.6845 74.391 72.8895 75.047 77.055 76.482
188.182 98.948 81.431 76.013 74.378 73.918 74.0325 72.4415 72.68 72.4675 73.243 73.113 73.536 73.8965 76.233 77.122 77.674
172.2505 91.976 76.2425 73.765 72.53 72.465 72.199 70.969 71.9685 73.4675 72.612 72.656 72.093 77.283 76.8665 76.093 76.013
154.7285 84.314 72.8105 70.5015 69.578 68.439 70.7195 70.519 70.694 73.013 74.729 76.8275 76.3385 75.5285 77.9065 76.241 79.2625
144.46 81.691 72.1965 69.1385 70.016 69.9985 71.6315 71.07 72.326 73.343 74.3805 76.3135 76.0205 76.4935 77.502 78.766 77.1515
133.3005 80.5695 72.2745 69.011 67.9785 70.677 70.5425 71.8505 73.867 73.868 75.475 76.6085 76.328 76.2555 78.5835 77.27 80.679
128.168 76.4145 69.4405 68.5965 69.1145 70.424 71.071 72.687 72.3935 71.977 74.3605 74.536 76.628 78.166 75.1925 77.8465 76.776
125.6005 75.3165 67.485 69.1685 68.6655 70.524 69.2835 72.5895 73.726 75.159 73.0995 75.4375 75.2695 77.6935 76.0995 80.171 78.5335
118.001 73.507 66.833 68.473 68.9145 70.189 69.8725 73.2555 71.4605 73.704 74.538 73.409 77.1115 77.9235 77.6135 80.5415 79.8335