0.0 0.2 0.4 0.6000000000000001 0.8 1.0 1.2 1.4 1.5999999999999999 1.7999999999999998 1.9999999999999998 2.1999999999999997 2.4 2.6 2.8000000000000003 3.0000000000000004
2 3 4 5 6 7 8 9 10 11 12 13 14 15 16 17 18 19

1155.28 427.66 222.12 163.7 247.84 213.08 124.42 163.72 185.96 139.34 127.92 143.84 104.52 124.64 158.16 129.04 125.84 138.02
1024.86 281.32 266.94 198.02 171.44 157.08 176.86 146.48 169.24 124.7 128.94 137.68 163.46 143.06 189.42 149.0 108.3 161.08
1042.76 319.2 293.92 147.72 175.16 152.86 122.08 131.52 148.6 146.98 163.92 147.18 157.3 172.0 125.38 136.24 135.8 187.02
877.58 237.12 251.14 169.48 181.52 136.86 137.9 158.1 130.56 126.86 178.44 164.54 146.9 107.6 166.2 137.96 125.58 127.48
994.82 242.24 195.52 168.4 151.02 156.22 142.74 128.56 118.32 145.64 139.86 111.12 140.44 107.5 158.68 156.46 169.64 120.46
940.96 303.0 181.42 159.54 150.22 165.78 124.48 110.88 116.22 126.08 114.04 152.32 129.46 150.46 122.6 117.0 142.4 157.02
827.54 240.38 147.1 152.2 121.38 116.12 137.78 92.82 131.12 167.48 140.02 119.0 144.18 155.46 147.54 135.94 149.2 158.58
811.1 217.82 170.44 126.86 125.32 137.26 103.98 104.22 130.9 108.64 123.32 103.9 132.5 117.74 107.52 118.66 138.24 150.5
789.16 201.28 145.56 135.84 140.14 112.46 117.52 123.36 117.44 141.44 113.94 121.0 117.62 131.0 139.22 132.0 131.72 169.62
830.34 164.42 141.48 129.52 119.78 128.76 127.12 105.72 142.68 142.56 131.82 131.76 110.98 130.18 147.24 129.9 120.72 119.38
843.14 210.14 121.78 113.66 107.68 115.24 126.76 90.78 119.4 129.38 126.66 142.94 128.14 127.26 128.32 131.94 145.48 129.54
607.82 187.98 140.36 149.64 97.9 107.62 107.28 98.5 97.46 137.02 91.34 128.98 124.64 107.64 148.46 175.96 151.2 128.46
459.06 154.36 130.78 112.62 103.28 119.06 125.2 106.0 88.98 137.28 110.28 93.84 85.16 134.72 123.66 136.52 140.22 166.06
553.36 130.62 134.92 131.8 89.64 123.72 105.66 97.56 97.54 131.08 114.78 128.08 118.68 141.84 118.6 133.92 114.8 174.3
438.16 175.9 110.32 90.96 134.48 95.14 113.88 119.16 127.68 114.9 98.8 128.12 109.92 166.64 140.48 130.04 122.08 132.34
544.92 139.86 111.52 83.28 95.16 94.24 110.82 105.4 119.52 105.28 120.8 133.82 133.18 117.7 135.9 171.94 125.66 147.72