0.0 0.2 0.4 0.6000000000000001 0.8 1.0 1.2 1.4 1.5999999999999999 1.7999999999999998 1.9999999999999998 2.1999999999999997 2.4 2.6 2.8000000000000003 3.0000000000000004
2 3 4 5 6 7 8 9 10 11 12 13 14 15 16 17 18 19

797.482 793.7 792.82 789.738 788.894 792.7 789.794 785.998 787.844 781.806 781.06 772.782 771.818 760.46 762.086 749.898
728.172 733.422 727.046 735.132 697.062 694.042 671.04 639.234 636.352 605.52 574.966 559.578 532.202 498.676 498.34 478.74
701.214 665.302 651.438 644.674 607.028 579.744 545.604 537.262 532.418 507.328 482.308 473.58 455.936 448.804 432.794 424.568
566.868 557.668 536.894 524.688 502.354 467.596 460.188 450.896 458.984 450.528 430.42 421.484 425.11 425.02 401.762 408.294
564.946 539.852 511.706 510.966 484.318 489.858 465.946 470.096 460.88 445.816 432.908 434.318 421.076 403.372 417.016 425.29
568.904 541.022 533.622 503.536 493.258 480.042 461.038 457.108 437.894 441.184 430.51 415.862 413.338 410.926 400.672 379.566
511.142 492.044 477.986 473.33 460.856 446.282 447.424 427.806 421.142 429.956 424.238 408.642 391.336 399.134 386.348 360.808
479.37 458.666 469.028 452.158 448.832 438.43 430.558 414.954 402.632 427.026 396.304 404.33 398.56 386.466 376.636 357.544
487.824 471.75 463.792 458.826 455.91 439.774 429.666 426.386 403.182 407.442 401.592 416.654 391.8 395.564 390.512 395.688
458.272 457.826 429.408 440.634 427.912 429.576 425.276 400.134 414.644 390.942 376.968 414.028 409.616 398.396 403.78 390.76
469.312 450.426 452.026 441.558 440.122 429.94 420.962 414.938 415.898 419.602 410.462 400.702 418.594 397.304 402.416 395.526
481.814 466.584 442.136 448.668 428.314 429.578 423.146 425.824 394.764 414.334 412.05 403.838 401.784 401.206 400.482 404.794
457.536 453.104 444.164 431.506 436.026 436.414 432.582 427.49 425.798 437.114 421.316 408.304 420.418 417.57 421.322 429.16
419.948 407.954 404.94 390.692 389.898 392.022 398.962 365.394 379.872 394.824 383.63 363.704 386.444 384.74 371.512 377.99
429.998 417.924 411.404 414.136 418.27 408.596 403.404 400.54 400.168 402.276 403.768 395.024 388.202 395.246 389.658 390.126
416.158 420.22 414.656 406.942 415.326 398.142 408.428 385.202 392.21 400.454 403.77 389.116 394.532 398.88 400.748 391.3
445.738 437.978 431.618 443.966 440.204 438.236 444.868 428.658 441.194 431.464 427.404 422.246 418.564 410.31 416.284 421.448
450.682 441.236 443.062 439.648 444.278 442.75 424.824 444.316 441.45 440.494 459.264 451.59 445.626 451.496 442.516 447.174