0.0 0.2 0.4 0.6000000000000001 0.8 1.0 1.2 1.4 1.5999999999999999 1.7999999999999998 1.9999999999999998 2.1999999999999997 2.4 2.6 2.8000000000000003 3.0000000000000004
2 3 4 5 6 7 8 9 10 11 12 13 14 15 16 17 18 19

870.74 248.05 215.43 141.26 137.79 161.1 113.9 134.29 118.89 128.03 96.95 92.89 108.63 122.26 94.14 122.5 99.59 115.02
692.55 289.0 206.73 184.01 127.61 131.32 98.58 109.94 108.57 113.64 121.27 105.82 103.82 138.47 104.87 98.11 124.86 100.89
827.18 296.27 208.25 144.82 122.67 139.48 124.1 83.79 124.76 108.33 96.79 96.36 115.51 90.23 113.83 100.2 100.45 126.18
753.69 327.65 216.31 152.44 138.22 150.18 123.92 115.67 120.74 140.28 129.74 121.55 92.6 138.04 108.37 87.05 105.83 112.06
872.92 280.83 188.31 136.26 171.17 125.43 111.97 120.97 122.92 117.52 129.4 115.59 92.86 82.32 85.81 126.88 97.76 106.02
833.76 380.75 196.46 160.85 159.63 138.87 128.54 110.2 137.1 108.4 91.93 100.08 98.04 114.83 107.24 123.33 114.11 123.11
853.69 297.39 173.34 157.1 129.39 115.26 133.03 97.01 111.73 108.74 132.35 109.67 110.67 98.06 105.67 100.82 111.04 115.33
671.31 312.95 202.23 162.66 118.1 151.47 145.0 128.43 111.83 126.52 104.63 105.6 88.75 103.82 81.08 92.81 112.34 109.86
757.0 306.49 221.98 183.32 120.16 180.68 137.09 131.17 103.1 85.4 118.13 96.72 90.2 107.18 112.24 106.95 106.51 110.54
802.21 306.08 186.88 196.55 189.64 155.68 111.22 143.33 138.64 88.71 132.33 120.63 127.57 117.11 80.86 110.61 110.6 81.14
754.43 358.63 226.02 191.18 150.26 149.62 145.46 109.63 153.97 114.67 104.87 109.81 106.67 94.98 97.7 114.12 102.51 118.6
708.7 441.36 234.31 156.17 127.87 165.0 153.94 134.76 104.29 110.41 112.18 123.51 92.89 135.43 124.51 122.51 97.28 126.02
697.77 478.43 292.5 206.4 204.59 191.61 171.22 112.03 118.51 152.32 126.59 115.43 120.02 93.24 95.22 102.65 110.57 81.55
650.46 338.65 203.95 158.5 183.93 153.58 127.66 129.46 134.02 142.11 121.74 116.83 124.03 109.13 116.79 109.63 110.76 94.8
774.16 410.46 300.76 258.26 199.21 188.09 147.2 157.42 144.65 121.94 103.44 127.69 93.57 110.47 86.53 130.33 104.0 112.76
771.01 411.1 259.8 207.51 185.21 201.4 156.86 163.05 109.77 129.0 127.39 116.07 118.94 117.4 128.75 101.07 102.71 127.72