1 2 3 4 5 6 7 8 9 10
2 3 4 5 6 7 8 9 10 11 12 13 14 15 16 17 18

211.8725 121.4505 87.19 74.4375 69.274 67.7375 66.041 65.124 63.833 61.4415 62.2635 59.7305 60.226 58.617 59.361 58.52 58.435
202.5845 107.6305 81.1545 74.6885 70.9865 68.3975 65.771 64.6565 63.1085 63.79 60.909 61.631 61.64 63.1155 60.6775 61.1135 59.1885
185.269 101.5555 80.2445 71.3695 70.4605 68.7525 66.3155 65.4165 65.4805 65.689 63.929 64.6345 64.3345 61.922 62.0185 62.281 61.024
171.7455 91.65 78.4945 71.007 70.294 66.8175 68.0345 67.474 70.5105 66.1055 67.7035 67.285 65.959 66.024 65.472 63.26 63.1685
156.436 88.5855 73.444 70.9845 69.8545 68.3985 68.317 67.55 70.368 67.202 68.421 68.8025 68.488 67.7635 66.452 64.441 65.828
151.3905 84.225 73.5455 72.2175 70.9385 70.823 69.3595 69.6295 69.3425 69.394 70.776 70.7225 70.3015 67.5115 65.963 65.78 63.2505
143.408 78.5025 72.063 68.4025 68.251 69.982 71.414 71.332 71.6515 71.3705 70.1675 68.865 71.1525 67.8065 67.37 66.267 66.126
132.2695 78.332 68.514 68.6415 72.7395 71.732 72.9615 72.529 72.2925 74.5135 74.1915 71.81 71.2325 69.13 68.161 65.2145 64.6355
125.683 76.265 71.224 69.534 69.3545 72.239 71.94 71.8045 73.9175 72.6425 72.388 73.522 69.796 71.424 67.114 65.222 64.6625
120.8745 74.3995 70.952 69.9235 69.655 70.568 71.975 72.295 70.9365 73.9385 72.0275 70.8265 69.2595 69.988 67.3545 66.995 62.7625