1 2 3 4 5 6 7 8 9 10
2 3 4 5 6 7 8 9 10 11 12 13 14 15 16 17 18

225.9065 149.261 118.1945 106.144 103.8865 97.0465 92.823 95.5695 95.026 93.3355 95.9445 97.286 96.9925 97.1475 99.5925 101.5735 99.878
209.9555 122.2555 96.225 91.864 89.4725 86.5375 86.429 87.987 86.9575 87.0915 91.4225 92.166 90.169 91.3915 96.7615 96.532 103.7855
188.9735 102.7185 84.8765 80.636 79.444 80.9625 78.929 79.875 82.8085 83.072 83.635 86.915 90.4805 91.7795 94.4855 99.2335 97.4085
166.641 90.692 78.141 75.0425 71.8925 75.5025 71.624 75.9195 81.662 79.3995 86.013 86.299 87.702 92.4545 91.9955 98.106 102.289
150.2635 84.443 74.944 72.399 70.5465 72.157 72.6175 74.5895 76.4325 76.927 79.799 82.7275 85.6035 89.1175 95.6785 99.7215 101.956
139.389 77.1105 70.954 68.6635 67.679 69.735 70.4415 72.856 75.7405 77.1855 81.4515 80.581 86.313 91.4045 93.6415 97.408 99.7265
129.7115 73.035 69.6085 66.654 68.8675 68.3895 68.559 70.482 76.086 76.9255 80.0085 81.1695 84.375 92.4855 94.704 94.816 100.6645
120.81 71.2095 65.3915 64.454 66.9925 68.07 70.024 73.1855 73.8465 78.607 78.596 86.237 88.844 87.2575 92.464 98.44 104.886
113.7125 71.3055 65.9105 66.1075 67.297 67.2135 68.7445 69.89 72.9425 76.506 79.522 82.0645 86.7675 86.878 92.7295 98.5515 97.8205
108.993 68.013 63.1685 63.6655 66.469 66.8705 69.9305 69.2555 73.449 78.3655 79.6175 82.5895 85.196 90.382 91.216 95.4885 102.784