0.0 0.2 0.4 0.6000000000000001 0.8 1.0 1.2 1.4 1.5999999999999999 1.7999999999999998 1.9999999999999998 2.1999999999999997 2.4 2.6 2.8000000000000003 3.0000000000000004
2 3 4 5 6 7 8 9 10 11 12 13 14 15 16 17 18 19

644.82 272.83 191.88 217.78 126.45 117.35 109.55 110.92 124.6 122.22 105.84 125.79 99.1 91.38 122.66 94.87 121.67 111.62
817.08 334.88 156.44 153.34 134.22 138.28 105.35 121.32 100.77 115.92 97.44 89.31 133.64 103.36 107.21 101.97 104.04 106.62
723.56 264.22 181.21 147.88 131.05 129.86 127.48 134.84 102.94 102.73 100.69 110.46 85.01 113.02 123.42 100.89 114.04 101.74
823.8 287.93 133.13 129.95 113.75 117.96 113.54 86.86 124.59 88.64 108.64 121.19 119.69 92.82 111.6 109.08 111.61 124.93
642.13 257.46 178.09 131.49 102.72 123.89 118.37 107.35 101.93 101.4 107.83 114.59 115.23 94.59 93.87 112.07 112.6 118.13
681.01 237.19 164.36 140.04 134.19 99.52 124.56 118.7 98.39 119.37 109.3 106.94 118.52 102.12 120.94 95.84 92.88 116.18
648.63 250.43 201.98 146.7 137.79 144.18 120.78 91.7 91.82 97.93 119.54 96.99 87.5 101.94 112.9 85.15 95.07 105.58
653.24 245.61 129.06 165.43 98.97 127.72 122.46 92.24 91.94 109.59 99.14 128.14 110.82 99.95 92.24 116.3 90.08 94.38
644.01 228.61 190.38 135.23 151.23 128.02 90.73 99.4 114.27 97.25 104.04 86.72 93.46 72.89 111.91 102.01 99.56 101.17
573.55 249.28 169.36 138.4 117.84 125.53 130.04 99.37 110.95 100.45 109.34 119.42 110.79 119.03 93.69 90.03 117.78 104.9
552.32 283.72 179.56 152.15 122.61 113.43 140.7 121.36 98.03 120.63 105.31 100.39 97.06 108.43 92.66 90.61 93.95 102.43
487.05 237.64 177.29 163.19 116.34 110.38 105.9 116.87 101.55 107.19 86.93 87.36 96.19 105.28 107.02 112.19 112.39 82.6
579.27 197.63 192.44 164.2 122.09 105.08 126.79 146.66 106.56 113.74 133.57 111.08 78.7 109.21 94.89 107.77 92.11 94.66
578.17 260.35 185.52 136.74 133.35 115.55 128.29 107.91 97.85 121.44 107.07 83.28 101.97 92.48 105.83 93.28 88.05 102.64
433.0 222.71 208.97 138.02 101.47 165.01 117.94 80.19 106.45 96.97 107.62 82.66 90.3 102.11 93.0 97.92 94.56 97.16
410.19 229.19 203.38 186.3 106.28 118.32 118.06 120.02 123.95 96.49 111.35 99.01 88.75 86.26 80.53 107.03 119.15 115.07