1 2 3 4 5 6 7 8 9 10
2 3 4 5 6 7 8 9 10 11 12 13 14 15 16 17 18

223.713 140.7025 113.2675 103.258 93.0495 89.313 92.602 87.8455 90.877 89.082 86.2815 91.588 85.8345 90.606 87.7555 89.5995 92.811
205.619 119.5955 95.6245 88.0445 81.2985 83.522 85.9895 81.505 83.605 82.2705 83.25 84.646 86.856 86.608 87.8275 91.533 94.3135
187.486 102.132 82.2285 79.623 77.5695 77.206 75.87 77.206 78.765 79.082 82.046 83.557 85.66 88.017 90.4605 92.1005 92.174
169.051 93.7215 76.591 75.15 73.7135 74.167 72.845 77.0155 74.177 78.5105 79.872 82.224 84.398 86.5185 87.36 94.5465 96.9285
153.293 81.2915 73.158 72.0805 70.7245 72.4175 70.041 73.165 76.6325 78.4575 77.026 81.643 83.645 83.31 88.672 91.145 94.8095
143.7395 78.5335 69.858 69.5965 68.4045 68.2375 69.037 73.021 74.98 78.254 76.5785 77.901 82.881 80.431 89.3935 90.5065 96.2695
131.954 75.8135 67.4575 67.159 69.191 69.0375 72.9775 73.8225 74.6975 77.961 80.093 80.8835 82.772 85.1195 90.036 89.8365 91.131
125.386 73.117 65.35 66.474 68.7145 66.5805 69.11 72.172 71.6225 75.2715 77.1115 81.724 81.796 89.053 87.9175 89.7415 91.746
116.9965 72.5835 64.724 65.83 64.51 67.9485 71.082 70.2115 74.385 74.5015 76.057 80.8485 83.489 83.9795 87.2715 90.5665 95.4055
113.232 68.7605 65.4065 65.726 68.0225 68.672 70.5145 72.3465 73.1105 76.9305 78.376 81.9745 82.159 83.5405 89.0455 92.3525 92.5045