10 11 12 13 14 15 16 17 18 19 20 21 22 23 24 25
2 3 4 5 6 7 8 9 10 11 12 13 14 15 16 17 18 19 20 21 22 23 24

91.207 28.3695 21.4965 19.536 18.604 17.696 17.346 17.073 0.0 0.0 0.0 0.0 0.0 0.0 0.0 0.0 0.0 0.0 0.0 0.0 0.0 0.0 0.0
108.6605 36.221 26.0965 22.773 21.715 21.757 20.779 20.3245 20.279 0.0 0.0 0.0 0.0 0.0 0.0 0.0 0.0 0.0 0.0 0.0 0.0 0.0 0.0
118.6 45.2745 31.0615 27.654 25.74 24.674 24.4825 23.6555 23.4425 23.2845 0.0 0.0 0.0 0.0 0.0 0.0 0.0 0.0 0.0 0.0 0.0 0.0 0.0
136.7265 54.572 36.457 31.8405 30.147 28.754 28.21 26.979 27.3645 26.24 26.429 0.0 0.0 0.0 0.0 0.0 0.0 0.0 0.0 0.0 0.0 0.0 0.0
147.6595 61.743 43.144 36.543 33.6865 32.2775 31.303 30.807 30.6095 29.643 29.181 29.412 0.0 0.0 0.0 0.0 0.0 0.0 0.0 0.0 0.0 0.0 0.0
156.462 75.3725 48.911 41.4045 37.963 36.541 35.2025 35.066 34.2415 33.709 32.9455 32.886 32.933 0.0 0.0 0.0 0.0 0.0 0.0 0.0 0.0 0.0 0.0
174.4895 84.193 54.0675 46.2645 42.5405 40.0865 39.5985 37.8745 38.288 37.3255 37.5105 36.6465 36.555 36.2805 0.0 0.0 0.0 0.0 0.0 0.0 0.0 0.0 0.0
188.7545 94.5735 60.992 51.952 47.6125 44.5375 42.8675 43.014 41.9905 40.8685 40.2225 40.2105 40.379 39.879 38.994 0.0 0.0 0.0 0.0 0.0 0.0 0.0 0.0
202.3465 102.8215 67.681 58.1695 51.995 49.2315 47.495 46.9515 44.852 44.994 44.598 43.904 43.364 44.032 42.9765 43.38 0.0 0.0 0.0 0.0 0.0 0.0 0.0
212.938 114.665 75.208 62.2765 56.857 54.2715 52.4755 50.94 49.701 48.309 48.8335 47.1625 47.6765 46.774 48.1215 46.0685 45.9095 0.0 0.0 0.0 0.0 0.0 0.0
225.8395 121.863 80.9085 67.042 62.005 58.577 56.033 55.163 53.8555 52.964 53.57 51.8715 52.339 51.8025 51.215 51.2905 50.078 49.969 0.0 0.0 0.0 0.0 0.0
236.202 134.4515 85.436 72.854 67.027 63.7375 60.878 59.3485 58.1515 57.2755 56.793 56.2635 55.491 54.9145 55.085 54.7225 53.3645 53.753 54.213 0.0 0.0 0.0 0.0
242.459 142.2775 94.5665 79.002 73.3525 67.289 65.9835 63.787 62.1715 61.0925 60.814 60.622 59.5285 59.112 59.0075 57.446 57.945 58.713 57.774 57.9015 0.0 0.0 0.0
248.053 151.3645 103.3255 84.9155 79.0795 73.7235 70.7135 68.287 65.9265 65.807 65.0945 63.415 64.431 64.7455 61.9045 63.341 61.393 62.4945 62.494 60.734 61.538 0.0 0.0
253.956 160.461 109.3485 90.727 81.9505 76.5305 74.927 72.041 70.511 69.837 69.132 68.302 68.1225 67.018 67.721 66.944 66.17 65.9085 65.836 65.4025 65.823 65.102 0.0
258.9595 171.269 117.4215 97.621 88.9045 83.5055 79.9225 77.1915 76.383 73.942 72.59 73.864 71.476 71.7465 70.556 71.605 69.692 69.4135 70.344 68.915 69.3735 69.197 69.262