10 11 12 13 14 15 16 17 18 19 20 21 22 23 24 25
2 3 4 5 6 7 8 9 10 11 12 13 14 15 16 17 18 19 20 21 22 23 24

140.977 37.538 27.103 23.695 21.969 21.552 20.925 20.554 0.0 0.0 0.0 0.0 0.0 0.0 0.0 0.0 0.0 0.0 0.0 0.0 0.0 0.0 0.0
157.232 46.368 32.146 28.495 26.409 25.328 24.619 24.08 23.459 0.0 0.0 0.0 0.0 0.0 0.0 0.0 0.0 0.0 0.0 0.0 0.0 0.0 0.0
170.18 57.062 37.382 33.636 30.982 28.538 28.96 27.987 27.648 27.448 0.0 0.0 0.0 0.0 0.0 0.0 0.0 0.0 0.0 0.0 0.0 0.0 0.0
179.388 66.028 44.752 37.646 35.291 33.977 32.177 31.794 31.476 30.96 31.316 0.0 0.0 0.0 0.0 0.0 0.0 0.0 0.0 0.0 0.0 0.0 0.0
198.113 74.595 49.399 44.29 40.422 38.309 36.54 36.823 35.532 35.651 35.165 34.755 0.0 0.0 0.0 0.0 0.0 0.0 0.0 0.0 0.0 0.0 0.0
203.034 86.474 56.227 49.944 45.669 43.054 41.43 40.332 40.644 40.069 39.355 38.911 38.992 0.0 0.0 0.0 0.0 0.0 0.0 0.0 0.0 0.0 0.0
220.007 97.129 62.487 54.07 49.917 47.496 46.017 44.909 44.358 44.283 43.058 42.906 43.475 43.884 0.0 0.0 0.0 0.0 0.0 0.0 0.0 0.0 0.0
234.537 111.623 73.824 60.892 54.535 52.701 51.185 49.627 48.025 48.345 47.35 47.876 47.681 45.83 46.277 0.0 0.0 0.0 0.0 0.0 0.0 0.0 0.0
238.752 122.741 77.239 68.264 61.945 57.151 56.266 53.55 53.541 52.025 53.196 52.359 51.458 50.472 49.54 51.077 0.0 0.0 0.0 0.0 0.0 0.0 0.0
250.907 131.459 89.445 72.887 66.085 63.374 60.389 58.527 57.974 57.399 56.357 56.786 55.392 54.46 54.316 54.533 53.666 0.0 0.0 0.0 0.0 0.0 0.0
262.291 142.26 96.758 78.207 72.308 67.372 66.588 63.522 63.265 62.666 61.282 59.41 60.796 60.208 58.363 58.447 57.911 58.277 0.0 0.0 0.0 0.0 0.0
265.95 149.411 102.641 83.562 76.116 74.151 70.782 69.154 67.469 66.183 64.344 65.561 63.576 63.074 64.225 62.331 63.502 61.95 62.709 0.0 0.0 0.0 0.0
270.462 160.885 112.41 94.787 83.565 79.105 74.009 72.311 72.229 71.334 69.884 68.66 69.616 69.002 68.37 69.015 68.991 67.639 67.095 66.761 0.0 0.0 0.0
273.528 174.141 118.636 96.499 89.295 84.12 82.885 76.515 75.943 76.105 75.594 74.076 73.822 72.138 73.106 73.073 71.817 70.886 69.969 72.241 70.726 0.0 0.0
278.477 186.487 125.785 105.426 95.396 90.746 85.306 86.051 83.268 81.641 81.503 80.201 78.709 78.283 77.709 76.655 75.898 75.939 76.736 75.619 74.371 73.817 0.0
282.921 188.75 136.613 112.222 103.84 94.581 92.836 88.802 87.629 88.042 85.211 83.388 82.235 83.792 81.685 81.446 81.647 81.308 81.849 82.347 80.392 80.575 80.06