10 11 12 13 14 15 16 17 18 19 20 21 22 23 24 25
2 3 4 5 6 7 8 9 10 11 12 13 14 15 16 17 18 19 20 21 22 23 24

80.683 23.708 18.048 15.718 15.092 14.699 14.399 14.074
101.116 30.234 21.534 20.19 17.989 17.369 16.507 16.554 16.205
105.206 38.086 26.488 23.657 21.538 20.969 19.462 19.578 18.882 19.221
115.724 44.805 31.64 25.753 24.472 24.333 22.311 22.782 22.687 21.641 20.937
137.143 52.495 35.437 31.476 27.781 26.693 26.766 25.168 24.327 25.578 24.657 24.515
141.575 66.626 40.712 35.339 32.393 30.244 29.927 29.336 28.503 28.659 26.992 27.323 27.21
154.991 67.984 45.585 39.164 35.631 33.162 32.659 31.813 31.829 31.126 30.143 31.145 30.202 31.302
169.191 76.718 51.024 43.722 39.222 36.889 36.315 35.792 35.887 33.655 34.161 35.013 34.165 32.81 33.322
175.392 84.617 55.509 47.455 43.941 41.721 39.961 37.544 36.409 37.951 37.369 37.499 37.022 36.196 37.13 35.259
186.168 95.088 64.305 51.209 47.982 46.848 44.208 43.08 40.709 40.981 40.041 41.336 41.093 39.855 39.919 40.032 39.085
198.976 103.963 67.396 58.05 51.463 49.641 46.497 48.631 46.578 44.817 44.127 43.922 44.054 43.752 42.976 41.644 42.199 41.781
198.672 113.126 75.417 60.029 54.805 54.82 50.991 49.33 48.923 47.748 47.167 47.468 47.434 45.069 47.338 46.231 45.427 45.353 43.813
211.007 120.796 79.579 66.363 61.313 56.098 55.409 52.326 52.029 51.813 51.431 50.222 52.175 49.096 49.16 49.219 48.355 49.895 49.354 48.648
224.742 130.506 84.176 71.851 64.508 61.093 58.992 57.929 54.774 55.118 55.817 54.0 53.197 52.845 55.104 51.988 51.849 52.734 52.23 53.241 52.003
230.721 137.716 96.42 76.596 70.33 64.597 64.891 60.377 60.271 59.035 57.256 57.524 57.001 57.54 58.036 57.056 54.318 56.668 55.812 55.11 55.626 56.589
241.282 142.459 101.304 81.38 73.473 70.686 68.884 64.602 64.036 61.982 61.586 61.614 59.928 59.928 60.824 60.251 59.511 59.646 58.913 57.207 59.537 58.649 57.848