10 11 12 13 14 15 16 17 18 19 20 21 22 23 24 25
2 3 4 5 6 7 8 9 10 11 12 13 14 15 16 17 18 19 20 21 22 23 24

267.525 268.21 263.528 261.436 258.307 261.322 256.765 255.626 261.301 257.802 258.514 261.814 251.807 259.991 256.245 259.171 255.353 0.0 0.0 0.0 0.0 0.0 0.0
266.386 265.651 258.037 259.759 265.845 257.019 260.765 252.692 260.713 259.895 260.46 261.689 256.464 259.402 259.231 254.611 259.89 0.0 0.0 0.0 0.0 0.0 0.0
269.864 267.897 266.698 262.283 265.386 259.882 257.729 259.497 253.158 259.052 258.219 260.252 257.173 256.108 264.426 255.687 255.212 0.0 0.0 0.0 0.0 0.0 0.0
270.937 267.115 264.38 263.255 260.988 261.975 261.995 260.281 258.251 260.758 259.583 259.501 255.364 257.002 258.108 253.161 255.341 0.0 0.0 0.0 0.0 0.0 0.0
267.497 265.703 260.087 265.675 260.764 257.611 258.349 259.191 261.23 259.89 255.961 258.154 263.271 254.052 263.403 255.882 257.513 0.0 0.0 0.0 0.0 0.0 0.0
267.696 265.739 263.427 260.554 259.183 263.348 258.896 261.07 260.183 260.014 255.86 258.39 261.826 258.772 260.79 257.949 261.968 0.0 0.0 0.0 0.0 0.0 0.0
273.101 265.219 263.554 262.324 262.66 259.445 259.042 258.76 259.74 258.781 255.251 254.192 250.292 254.607 255.663 255.806 258.261 0.0 0.0 0.0 0.0 0.0 0.0
269.642 266.748 260.647 260.328 261.521 259.814 258.37 261.218 257.057 260.965 256.775 257.316 258.505 255.301 255.439 259.852 256.652 0.0 0.0 0.0 0.0 0.0 0.0
271.576 266.274 263.079 258.68 261.678 265.564 257.158 257.495 255.575 258.891 256.148 256.324 260.981 258.973 253.42 257.511 255.298 0.0 0.0 0.0 0.0 0.0 0.0
268.911 265.131 263.376 264.323 262.372 256.147 258.737 265.776 257.265 258.259 259.985 257.876 258.651 258.088 251.804 256.149 258.155 0.0 0.0 0.0 0.0 0.0 0.0
271.711 261.62 262.155 259.622 262.07 260.312 258.429 258.001 257.314 258.474 257.195 253.471 253.442 253.496 263.126 253.195 258.693 0.0 0.0 0.0 0.0 0.0 0.0
269.446 264.338 268.73 265.07 260.915 256.518 261.887 260.005 259.462 256.283 259.817 258.64 255.755 251.066 256.545 258.103 254.041 0.0 0.0 0.0 0.0 0.0 0.0
267.436 265.028 265.895 260.065 258.147 259.823 261.887 252.443 257.449 259.017 257.093 253.841 257.469 256.557 251.411 252.574 256.101 0.0 0.0 0.0 0.0 0.0 0.0
270.628 267.052 264.734 260.046 261.519 257.042 262.161 259.022 256.667 261.754 262.426 256.193 257.631 262.666 256.974 259.314 258.824 0.0 0.0 0.0 0.0 0.0 0.0
266.805 262.479 266.319 257.376 257.119 257.987 259.156 263.18 260.327 261.967 261.199 258.366 258.285 260.81 259.178 257.076 258.168 0.0 0.0 0.0 0.0 0.0 0.0
268.561 268.188 263.517 259.807 260.433 261.218 256.141 257.424 261.087 256.003 257.88 254.117 262.511 256.36 258.209 257.588 255.4 0.0 0.0 0.0 0.0 0.0 0.0