10 11 12 13 14 15 16 17 18 19 20 21 22 23 24 25
2 3 4 5 6 7 8 9 10 11 12 13 14 15 16 17 18 19 20 21 22 23 24

209.948 190.17 183.475 178.923 181.256 175.736 182.408 165.795 173.112 176.311 177.755 174.234 175.841 174.345 164.294 172.108 171.43 0.0 0.0 0.0 0.0 0.0 0.0
199.281 194.497 182.186 181.067 176.091 183.67 177.034 172.752 177.777 173.82 172.755 170.942 170.977 175.789 170.792 174.904 170.029 0.0 0.0 0.0 0.0 0.0 0.0
210.626 190.021 184.155 175.338 184.259 172.64 168.314 178.081 176.28 170.759 179.635 171.931 172.353 173.587 164.653 172.483 170.947 0.0 0.0 0.0 0.0 0.0 0.0
209.675 197.477 182.107 183.901 177.764 174.592 180.098 176.759 172.379 173.597 175.023 174.095 173.621 173.383 170.726 168.463 169.235 0.0 0.0 0.0 0.0 0.0 0.0
212.471 195.06 186.053 184.211 180.468 180.508 175.749 174.909 169.646 174.051 176.226 170.672 167.739 174.024 169.833 176.03 171.417 0.0 0.0 0.0 0.0 0.0 0.0
202.18 189.934 186.216 180.612 182.979 178.19 177.426 176.833 175.177 174.824 165.67 170.853 172.037 172.203 173.531 165.338 179.719 0.0 0.0 0.0 0.0 0.0 0.0
198.584 188.74 181.021 175.668 179.597 175.01 181.092 172.59 179.528 171.14 173.464 176.725 164.317 171.225 168.611 173.909 164.698 0.0 0.0 0.0 0.0 0.0 0.0
202.197 188.162 193.116 182.086 177.924 181.148 176.074 180.086 169.933 176.591 171.423 169.232 174.742 165.815 172.002 165.276 171.054 0.0 0.0 0.0 0.0 0.0 0.0
204.693 188.571 181.595 179.158 181.744 168.693 180.167 176.061 173.465 170.058 170.652 169.488 172.712 171.324 167.338 161.69 166.141 0.0 0.0 0.0 0.0 0.0 0.0
209.85 193.688 187.108 185.662 169.628 170.235 174.392 170.943 177.184 177.425 178.744 172.839 175.958 174.555 169.416 169.629 167.66 0.0 0.0 0.0 0.0 0.0 0.0
207.569 189.778 189.202 179.573 179.392 177.544 174.782 177.626 167.872 175.498 175.04 171.693 175.162 172.863 178.338 168.231 165.368 0.0 0.0 0.0 0.0 0.0 0.0
205.62 193.84 185.25 181.11 180.41 177.696 172.159 170.814 171.409 174.478 180.172 177.782 164.729 165.845 163.25 173.517 171.762 0.0 0.0 0.0 0.0 0.0 0.0
207.648 193.342 182.849 186.642 181.988 176.09 176.315 176.088 178.456 176.796 173.098 172.745 179.699 173.011 169.708 170.904 167.465 0.0 0.0 0.0 0.0 0.0 0.0
199.404 190.145 183.202 179.157 181.675 176.797 168.336 171.526 179.102 174.361 173.812 173.637 175.328 166.844 172.962 173.501 169.734 0.0 0.0 0.0 0.0 0.0 0.0
206.173 190.018 179.613 181.984 175.976 164.098 181.129 175.495 174.758 173.382 175.322 183.609 166.704 172.139 174.268 164.902 178.572 0.0 0.0 0.0 0.0 0.0 0.0
201.494 195.048 185.547 177.777 177.691 179.893 176.316 172.053 175.503 171.013 171.024 167.966 167.795 170.182 172.407 172.969 171.145 0.0 0.0 0.0 0.0 0.0 0.0