0 0.2 0.4 0.6 0.8 1 1.2 1.4 1.6 1.8 2 2.2 2.4 2.6 2.8 3 3.2 3.4 3.6 3.8 4 4.2 4.4 4.6 4.8 5
1;2 1;3 1;4 1;5 1;6 1;7 1;8 2;2 2;3 2;4 2;5 2;6 2;7 2;8 3;2 3;3 3;4 3;5 3;6 3;7 3;8 4;2 4;3 4;4 4;5 4;6 4;7 4;8

8.9912 8.3981 7.5096 6.8781 6.4545 6.1024 5.7038 5.1154 4.9387 4.7279 4.5048 4.2007 3.9358 3.6264 3.5286 3.3992 3.2148 3.0058 2.741 2.7186 2.653 2.6932 2.6886 2.6684 2.6531 2.6655
21.1647 19.4009 17.6235 16.268 14.8772 13.9327 12.8116 11.9844 11.1165 10.4755 9.826 9.229 8.8733 8.4654 8.0153 7.5494 7.0525 6.8283 6.5816 6.4834 6.261 6.0716 6.0076 5.9209 5.9476 5.8266
36.9711 33.0582 29.8672 27.2764 25.238 23.1372 21.3809 19.8767 18.3972 17.1946 16.25 15.3485 14.4763 13.6161 12.8656 12.1788 11.8231 11.2187 10.8971 10.5196 10.1665 10.085 9.8863 9.76 9.4869 9.4519
55.0663 49.2545 45.0823 40.3123 36.7722 33.8166 30.8461 28.5196 26.7646 24.8967 23.3635 21.7446 20.4535 19.3576 18.4389 17.3921 16.7484 15.9886 15.5823 14.7427 14.6309 14.1518 13.912 13.6514 13.4538 13.4589
77.4771 69.2069 62.1675 56.6171 50.6802 46.2965 42.5532 38.6431 36.0 33.0244 30.9551 28.8552 27.2066 25.6525 24.1463 23.1576 21.8375 21.175 20.3744 19.7144 19.0179 18.2269 18.2211 17.715 17.6448 17.366
104.0595 91.4934 82.8578 73.9716 66.8134 60.8175 54.942 50.4359 46.0138 42.589 39.3883 36.7692 34.5711 32.3558 30.477 29.2692 27.7201 26.232 25.2888 24.6174 23.9105 23.2191 22.5512 22.3648 21.799 21.4889
132.853 118.0707 105.2357 93.7014 84.4375 76.1176 69.1402 63.0618 57.4594 52.3397 49.2713 45.4691 42.1877 39.9856 37.2349 35.1671 33.6197 32.2783 31.0083 29.7746 28.712 28.0956 27.2547 26.5944 26.1555 25.558
63.6313 59.9369 56.4648 53.7641 51.9447 51.2904 51.1266 51.7598 51.4062 52.6462 55.8427 58.0257 61.5769 65.1761 68.9307 77.1043 83.0768 91.9005 100.4783 113.9826 123.7645 140.6149 157.9391 180.1614 199.1443 227.5384
364.5341 334.9455 313.79 291.7704 276.0281 261.2339 253.2184 246.5428 245.7154 245.1029 247.7121 252.3231 259.06 265.6917 282.8399 305.1619 323.1508 352.1905 385.3473 412.5699 449.9358 490.3308 547.3167 621.8819 697.9856 786.7766
1212.8463 1088.3888 1004.3871 931.4254 865.5034 823.5449 783.6501 739.5674 713.5145 703.727 695.0791 692.1922 696.7208 711.4271 722.1072 753.9463 790.7104 856.107 888.3615 967.2925 1046.5108 1134.6817 1239.4209 1373.2778 1525.965 1719.0944
3069.9915 2727.7546 2502.9545 2326.4765 2138.8099 1982.2324 1869.2434 1736.6834 1677.6429 1626.0888 1563.7992 1542.8663 1514.6101 1525.2017 1528.4017 1556.1189 1599.2821 1672.4459 1756.6839 1876.2567 1976.3331 2117.7877 2316.7403 2537.7899 2783.3775 3105.1096
6336.8911 5759.7757 5266.2527 4856.8075 4391.914 4062.5346 3834.5419 3582.0368 3368.7702 3192.9684 3093.499 2979.3686 2905.4519 2850.6303 2835.8259 2867.2475 2885.4949 2941.4802 3041.2945 3221.5352 3353.3731 3584.3928 3847.2351 4159.8268 4533.8184 4946.1693
10000.0 10000.0 10000.0 10000.0 10000.0 10000.0 10000.0 10000.0 10000.0 10000.0 10000.0 10000.0 10000.0 10000.0 10000.0 10000.0 10000.0 10000.0 10000.0 10000.0 10000.0 10000.0 10000.0 10000.0 10000.0 10000.0
10000.0 10000.0 10000.0 10000.0 10000.0 10000.0 10000.0 10000.0 10000.0 10000.0 10000.0 10000.0 10000.0 10000.0 10000.0 10000.0 10000.0 10000.0 10000.0 10000.0 10000.0 10000.0 10000.0 10000.0 10000.0 10000.0
206.9594 194.3323 184.7345 177.6565 176.9432 173.0011 180.7288 189.7866 197.3869 208.5766 228.7006 244.6216 279.6041 309.1406 355.002 403.0595 459.8637 540.7051 648.2342 768.7366 907.3989 1078.3814 1289.2622 1529.4217 1837.5371 2271.4847
3127.8383 2885.9963 2648.3153 2498.8193 2332.8065 2244.9369 2175.7386 2147.4412 2148.5844 2178.7862 2209.0088 2331.6119 2472.1884 2661.995 2875.8945 3212.3906 3584.1749 4047.7054 4562.9599 4926.5949 5197.881 5488.3957 5593.8895 5769.8423 5895.3344 6030.6382
10000.0 10000.0 10000.0 10000.0 10000.0 10000.0 10000.0 10000.0 10000.0 10000.0 10000.0 10000.0 10000.0 10000.0 10000.0 10000.0 10000.0 10000.0 10000.0 10000.0 10000.0 10000.0 10000.0 10000.0 10000.0 10000.0
10000.0 10000.0 10000.0 10000.0 10000.0 10000.0 10000.0 10000.0 10000.0 10000.0 10000.0 10000.0 10000.0 10000.0 10000.0 10000.0 10000.0 10000.0 10000.0 10000.0 10000.0 10000.0 10000.0 10000.0 10000.0 10000.0
10000.0 10000.0 10000.0 10000.0 10000.0 10000.0 10000.0 10000.0 10000.0 10000.0 10000.0 10000.0 10000.0 10000.0 10000.0 10000.0 10000.0 10000.0 10000.0 10000.0 10000.0 10000.0 10000.0 10000.0 10000.0 10000.0
10000.0 10000.0 10000.0 10000.0 10000.0 10000.0 10000.0 10000.0 10000.0 10000.0 10000.0 10000.0 10000.0 10000.0 10000.0 10000.0 10000.0 10000.0 10000.0 10000.0 10000.0 10000.0 10000.0 10000.0 10000.0 10000.0
10000.0 10000.0 10000.0 10000.0 10000.0 10000.0 10000.0 10000.0 10000.0 10000.0 10000.0 10000.0 10000.0 10000.0 10000.0 10000.0 10000.0 10000.0 10000.0 10000.0 10000.0 10000.0 10000.0 10000.0 10000.0 10000.0
481.7434 453.336 430.0845 424.1376 416.9465 427.6152 443.0261 472.9964 515.0849 560.6642 620.6217 708.5511 816.9812 956.13 1131.9858 1370.8888 1692.9394 2001.2069 2444.814 2710.8158 2983.6044 3170.0705 3401.8842 3732.4225 4046.1752 4341.5988
10000.0 10000.0 10000.0 10000.0 10000.0 10000.0 10000.0 10000.0 10000.0 10000.0 10000.0 10000.0 10000.0 10000.0 10000.0 10000.0 10000.0 10000.0 10000.0 10000.0 10000.0 10000.0 10000.0 10000.0 10000.0 10000.0
10000.0 10000.0 10000.0 10000.0 10000.0 10000.0 10000.0 10000.0 10000.0 10000.0 10000.0 10000.0 10000.0 10000.0 10000.0 10000.0 10000.0 10000.0 10000.0 10000.0 10000.0 10000.0 10000.0 10000.0 10000.0 10000.0
10000.0 10000.0 10000.0 10000.0 10000.0 10000.0 10000.0 10000.0 10000.0 10000.0 10000.0 10000.0 10000.0 10000.0 10000.0 10000.0 10000.0 10000.0 10000.0 10000.0 10000.0 10000.0 10000.0 10000.0 10000.0 10000.0
10000.0 10000.0 10000.0 10000.0 10000.0 10000.0 10000.0 10000.0 10000.0 10000.0 10000.0 10000.0 10000.0 10000.0 10000.0 10000.0 10000.0 10000.0 10000.0 10000.0 10000.0 10000.0 10000.0 10000.0 10000.0 10000.0
10000.0 10000.0 10000.0 10000.0 10000.0 10000.0 10000.0 10000.0 10000.0 10000.0 10000.0 10000.0 10000.0 10000.0 10000.0 10000.0 10000.0 10000.0 10000.0 10000.0 10000.0 10000.0 10000.0 10000.0 10000.0 10000.0
10000.0 10000.0 10000.0 10000.0 10000.0 10000.0 10000.0 10000.0 10000.0 10000.0 10000.0 10000.0 10000.0 10000.0 10000.0 10000.0 10000.0 10000.0 10000.0 10000.0 10000.0 10000.0 10000.0 10000.0 10000.0 10000.0