0 0.2 0.4 0.6 0.8 1 1.2 1.4 1.6 1.8 2
2;2 2;3 2;4 3;2 3;3 3;4 4;2 4;3 4;4

66.6871 63.7113 59.6756 56.9384 54.8506 54.0174 54.2452 54.2587 54.8661 56.652 58.7294
386.0377 353.9142 330.9511 309.7134 290.6703 276.4215 269.1817 263.1522 257.7785 256.5479 260.7803
1282.9934 1164.9873 1071.8842 990.6624 914.8914 868.9724 825.9633 778.7202 764.552 752.9509 724.3358
217.1317 201.7553 194.4966 186.1561 185.3267 188.0805 189.1762 194.3918 206.8797 221.0192 236.7504
3319.468 3010.4921 2796.6238 2659.7786 2484.1389 2367.7605 2297.1649 2259.9297 2265.4538 2290.6617 2374.0646
9034.716 8904.9344 8710.2382 8541.2961 8431.4816 8237.0547 8064.5141 7969.6302 7697.6105 7622.3193 7548.4014
511.0847 477.8556 461.1514 446.8072 440.1123 440.0948 480.549 506.6653 538.0965 586.4404 661.5741
9021.9175 8830.3324 8686.1271 8542.4108 8341.1702 8157.8215 7990.1257 7924.1262 7803.0212 7750.2424 7683.4599
9999.0 9998.5486 9998.3651 9996.2086 9993.6892 9987.3939 9973.7295 9951.2146 9917.6771 9854.3835 9806.8306