0 0.2 0.4 0.6 0.8 1 1.2 1.4 1.6 1.8 2
2;2 2;3 2;4 3;2 3;3 3;4 4;2 4;3 4;4

58.4923 55.937 52.2592 49.6739 48.4649 47.2416 46.2425 46.7856 47.3168 48.4938 50.9115
323.627 300.3958 278.7046 260.7144 245.2091 233.4706 228.136 221.6896 215.726 214.5669 220.8881
1064.1722 955.7237 880.6543 818.2611 769.8716 716.361 685.5023 654.1174 633.2725 622.5154 607.6139
192.4648 181.2852 168.6915 164.9887 161.7315 160.8139 164.0129 167.7616 177.9063 188.2828 202.1384
2768.5192 2535.4942 2368.3658 2201.6604 2051.2969 2002.3735 1930.804 1880.3328 1902.5207 1871.0531 1946.2611
7768.0199 7472.406 7344.5807 7200.7354 7116.6715 6819.3751 6751.8674 6603.7135 6502.3625 6376.6636 6235.713
450.052 423.8892 402.6718 388.2195 392.2208 387.8202 399.258 414.4856 453.8747 493.7118 558.2338
7828.8412 7635.5792 7498.7825 7217.0228 7081.2579 6916.8218 6759.796 6613.2974 6582.3422 6411.1414 6438.157
9998.7342 9998.8047 9996.9425 9993.6226 9980.4976 9957.4957 9891.7441 9797.1386 9621.0764 9444.7732 9255.1305