0 0.2 0.4 0.6 0.8 1 1.2 1.4 1.6 1.8 2
2;2 2;3 2;4 3;2 3;3 3;4 4;2 4;3 4;4

40.332 39.794 36.588 35.357 34.045 33.68 31.68 32.066 31.548 32.455 34.3645
202.6595 196.221 183.2645 171.945 162.9205 156.953 151.1705 151.515 143.9255 138.3135 141.325
651.5545 620.109 552.876 520.9365 495.812 460.5125 443.885 419.09 400.0405 395.62 408.768
133.19 130.7825 121.6855 111.6785 111.5245 113.3125 109.8565 113.096 114.325 125.281 133.0185
1755.1265 1635.771 1451.8715 1399.2655 1369.5495 1256.409 1219.858 1137.7075 1208.6555 1145.29 1199.5355
11439.3165 10074.328 9247.9415 8719.389 7666.4265 6963.1855 6820.111 6620.221 6667.55 5754.039 5932.586
335.212 307.1845 283.6565 278.634 276.03 260.7325 272.357 282.7115 301.222 311.6175 364.7015
11775.83 10316.2505 8895.601 8557.8185 7814.3905 7783.7745 7261.234 7218.765 6823.608 6911.4085 7351.6095
155740.8125 135816.127 120912.1185 104141.114 104162.0955 93218.7 86134.6965 81701.136 77588.314 76310.8725 72814.9425