0 0.2 0.4 0.6 0.8 1 1.2 1.4 1.6 1.8 2 2.2 2.4 2.6 2.8 3 3.2 3.4 3.6 3.8 4 4.2 4.4 4.6 4.8 5
1;2 1;3 1;4 1;5 1;6 1;7 1;8 2;2 2;3 2;4 2;5 2;6 2;7 2;8 3;2 3;3 3;4 3;5 3;6 3;7 3;8 4;2 4;3 4;4 4;5 4;6 4;7 4;8

6.1626 5.7271 5.2034 4.7817 4.5975 4.3472 4.0593 3.8171 3.7107 3.546 3.3848 3.2594 3.0472 2.8811 2.8197 2.743 2.5598 2.4686 2.3228 2.2997 2.2886 2.2882 2.313 2.2465 2.303 2.2845
14.2499 13.0585 12.1046 11.2688 10.6513 9.8664 9.3082 8.6467 8.2271 7.864 7.4736 7.13 6.8818 6.5373 6.3883 6.0896 5.8876 5.606 5.6757 5.4283 5.3553 5.248 5.146 5.1081 5.1267 5.0968
24.3514 22.412 20.4128 18.8503 17.5414 16.379 15.3426 14.3749 13.599 12.9788 12.3414 11.7154 11.2345 10.6907 10.2296 9.8263 9.5724 9.2796 9.088 8.8945 8.69 8.4755 8.3831 8.2071 8.2715 8.3497
37.1259 32.9484 30.7044 28.2292 25.7681 23.83 22.1664 20.6919 19.6077 18.4021 17.5448 16.5045 15.7279 15.1191 14.4944 14.1185 13.4709 13.2006 12.8452 12.547 12.2561 12.1307 11.8343 11.7642 11.6708 11.4917
50.5271 46.4139 41.6731 38.2631 35.2999 32.8884 29.906 27.853 26.1038 24.7248 22.9065 22.0254 21.0616 19.9062 19.3051 18.5072 17.8532 17.2566 16.7683 16.5445 16.1408 15.6282 15.392 15.1691 15.0979 15.1156
68.4727 61.5444 55.1122 50.4531 45.8387 41.8503 38.167 35.3509 33.0274 31.2757 29.4557 27.582 26.4649 25.1192 24.0604 23.1836 22.3528 21.6128 21.0448 20.5352 19.9509 19.6221 19.4844 19.0744 18.6749 18.7136
85.3727 77.2848 70.4345 62.8147 57.5513 53.0935 47.7338 44.2793 41.4223 38.9426 36.3175 34.2619 32.1943 30.6964 29.3483 28.1649 27.1001 26.2015 25.4251 24.531 24.0388 23.5694 23.2628 22.7758 22.5916 22.2413
48.1748 45.4011 42.1787 40.8895 38.9371 37.9122 36.6892 37.1736 37.4398 38.2398 39.0133 39.7909 43.0188 45.9086 47.8646 50.6076 53.2641 59.6896 64.5835 73.0729 78.2484 90.7994 98.7985 112.079 125.5002 143.477
247.3802 233.5095 214.6584 202.9193 193.208 184.3258 176.6308 170.7339 167.6003 166.6068 169.7833 170.4266 174.7441 179.9292 188.4536 196.5262 208.6072 226.9204 240.9036 261.1107 282.8158 321.7436 353.7518 382.5736 421.4767 478.7182
801.7641 735.2058 675.7515 627.5754 574.0838 555.0981 520.3742 492.0992 479.9998 466.3158 456.7457 457.7675 456.4417 463.5101 462.2119 489.2616 511.3098 539.7075 557.5533 609.2031 656.7215 714.7881 776.0887 850.7491 971.4943 1051.3508
2017.5874 1811.5421 1618.3196 1518.1685 1364.4865 1277.0636 1222.4229 1147.7024 1080.6769 1049.3615 1024.2295 1019.2939 991.205 980.7264 989.6578 1002.9195 1027.5011 1057.7324 1117.6541 1168.36 1247.9285 1326.2228 1447.5128 1555.4426 1748.9386 1890.6156
3972.3258 3646.8728 3337.5114 3090.4368 2869.7996 2645.5224 2478.5562 2334.0747 2179.7784 2085.7359 1974.0649 1917.6021 1868.4081 1856.0147 1823.1557 1829.6837 1820.6619 1895.693 1952.3341 2033.8133 2118.7446 2252.3457 2384.7288 2529.8228 2812.4195 3055.7929
10000.0 10000.0 10000.0 10000.0 10000.0 10000.0 10000.0 10000.0 10000.0 10000.0 10000.0 10000.0 10000.0 10000.0 10000.0 10000.0 10000.0 10000.0 10000.0 10000.0 10000.0 10000.0 10000.0 10000.0 10000.0 10000.0
10000.0 10000.0 10000.0 10000.0 10000.0 10000.0 10000.0 10000.0 10000.0 10000.0 10000.0 10000.0 10000.0 10000.0 10000.0 10000.0 10000.0 10000.0 10000.0 10000.0 10000.0 10000.0 10000.0 10000.0 10000.0 10000.0
155.9778 145.3029 140.283 134.9086 129.7341 129.2969 129.7518 130.7966 140.1127 141.2588 153.5934 170.2754 181.8796 204.3765 224.4369 257.0854 299.001 336.0942 386.4186 464.6867 572.9623 671.2211 794.9113 930.4186 1164.8153 1342.6118
2144.0942 1980.367 1763.0188 1646.3866 1568.5694 1509.5514 1452.7898 1408.3554 1402.8213 1428.1329 1450.9655 1519.6738 1533.7279 1690.6445 1830.9765 2015.6596 2277.3304 2490.122 2868.214 3022.1109 3168.2456 3417.3771 3431.9963 3504.9419 3620.8748 3698.0444
10000.0 10000.0 10000.0 10000.0 10000.0 10000.0 10000.0 10000.0 10000.0 10000.0 10000.0 10000.0 10000.0 10000.0 10000.0 10000.0 10000.0 10000.0 10000.0 10000.0 10000.0 10000.0 10000.0 10000.0 10000.0 10000.0
10000.0 10000.0 10000.0 10000.0 10000.0 10000.0 10000.0 10000.0 10000.0 10000.0 10000.0 10000.0 10000.0 10000.0 10000.0 10000.0 10000.0 10000.0 10000.0 10000.0 10000.0 10000.0 10000.0 10000.0 10000.0 10000.0
10000.0 10000.0 10000.0 10000.0 10000.0 10000.0 10000.0 10000.0 10000.0 10000.0 10000.0 10000.0 10000.0 10000.0 10000.0 10000.0 10000.0 10000.0 10000.0 10000.0 10000.0 10000.0 10000.0 10000.0 10000.0 10000.0
10000.0 10000.0 10000.0 10000.0 10000.0 10000.0 10000.0 10000.0 10000.0 10000.0 10000.0 10000.0 10000.0 10000.0 10000.0 10000.0 10000.0 10000.0 10000.0 10000.0 10000.0 10000.0 10000.0 10000.0 10000.0 10000.0
10000.0 10000.0 10000.0 10000.0 10000.0 10000.0 10000.0 10000.0 10000.0 10000.0 10000.0 10000.0 10000.0 10000.0 10000.0 10000.0 10000.0 10000.0 10000.0 10000.0 10000.0 10000.0 10000.0 10000.0 10000.0 10000.0
371.4149 345.147 321.7382 313.3878 308.0899 307.3728 320.523 320.995 349.4565 378.0315 412.4107 462.2372 523.6663 608.9225 709.2978 843.542 1014.9802 1221.0105 1439.7059 1679.129 1783.81 1949.2626 2060.578 2240.61 2453.2369 2653.5724
10000.0 10000.0 10000.0 10000.0 10000.0 10000.0 10000.0 10000.0 10000.0 10000.0 10000.0 10000.0 10000.0 10000.0 10000.0 10000.0 10000.0 10000.0 10000.0 10000.0 10000.0 10000.0 10000.0 10000.0 10000.0 10000.0
10000.0 10000.0 10000.0 10000.0 10000.0 10000.0 10000.0 10000.0 10000.0 10000.0 10000.0 10000.0 10000.0 10000.0 10000.0 10000.0 10000.0 10000.0 10000.0 10000.0 10000.0 10000.0 10000.0 10000.0 10000.0 10000.0
10000.0 10000.0 10000.0 10000.0 10000.0 10000.0 10000.0 10000.0 10000.0 10000.0 10000.0 10000.0 10000.0 10000.0 10000.0 10000.0 10000.0 10000.0 10000.0 10000.0 10000.0 10000.0 10000.0 10000.0 10000.0 10000.0
10000.0 10000.0 10000.0 10000.0 10000.0 10000.0 10000.0 10000.0 10000.0 10000.0 10000.0 10000.0 10000.0 10000.0 10000.0 10000.0 10000.0 10000.0 10000.0 10000.0 10000.0 10000.0 10000.0 10000.0 10000.0 10000.0
10000.0 10000.0 10000.0 10000.0 10000.0 10000.0 10000.0 10000.0 10000.0 10000.0 10000.0 10000.0 10000.0 10000.0 10000.0 10000.0 10000.0 10000.0 10000.0 10000.0 10000.0 10000.0 10000.0 10000.0 10000.0 10000.0
10000.0 10000.0 10000.0 10000.0 10000.0 10000.0 10000.0 10000.0 10000.0 10000.0 10000.0 10000.0 10000.0 10000.0 10000.0 10000.0 10000.0 10000.0 10000.0 10000.0 10000.0 10000.0 10000.0 10000.0 10000.0 10000.0