0 0.2 0.4 0.6 0.8 1 1.2 1.4 1.6 1.8 2
2;2 2;3 2;4 3;2 3;3 3;4 4;2 4;3 4;4

25.1383 23.6381 22.7379 21.5592 20.5983 19.9446 19.0496 18.6558 17.613 16.8544 16.2932
85.3106 80.8314 77.2121 73.3582 69.5935 66.6499 63.5657 61.2032 58.899 56.2374 53.961
194.2708 184.2795 173.9194 165.0289 155.6937 148.695 141.702 133.8317 128.3179 122.5581 117.9908
87.1569 81.1529 75.453 70.8555 66.132 61.8175 58.789 55.4183 52.6267 49.4556 46.9406
614.5959 560.2416 513.3746 473.1355 438.2994 403.9906 376.122 348.1778 326.0861 305.3481 288.2764
2415.5336 2187.4135 1981.2424 1797.6081 1643.0335 1485.7022 1369.4977 1254.8848 1152.6083 1070.7043 992.7359
211.2186 193.4876 177.0704 162.8877 151.2022 140.651 130.4014 121.7417 113.17 106.5421 100.327
3303.5152 2940.8165 2610.8865 2350.7789 2109.0546 1917.8689 1724.1007 1562.8337 1428.4048 1319.182 1206.8929
9998.8659 9998.2508 9994.9599 9982.4041 9938.7279 9826.167 9596.1342 9161.3249 8500.3109 7784.3368 7055.963