0 0.2 0.4 0.6 0.8 1 1.2 1.4 1.6 1.8 2 2.2 2.4 2.6 2.8 3 3.2 3.4 3.6 3.8 4 4.2 4.4 4.6 4.8 5
1;2 1;3 1;4 1;5 1;6 1;7 1;8 2;2 2;3 2;4 2;5 2;6 2;7 2;8 3;2 3;3 3;4 3;5 3;6 3;7 3;8 4;2 4;3 4;4 4;5 4;6 4;7 4;8

3.1784 2.9942 2.8498 2.7163 2.6464 2.6227 2.5014 2.4301 2.3835 2.3596 2.2878 2.2068 2.1385 2.1318 2.0797 2.0623 2.0343 1.9809 1.9113 1.8973 1.8891 1.9191 1.9087 1.9195 1.9109 1.8702
7.3967 6.9118 6.7525 6.3446 6.0765 5.8948 5.6829 5.5691 5.3265 5.2268 5.116 5.0184 4.9704 4.7827 4.7315 4.6556 4.5138 4.4946 4.442 4.45 4.3427 4.3295 4.3833 4.3284 4.3036 4.2741
12.0705 11.4776 10.9645 10.6503 10.0963 9.6821 9.3598 9.0296 8.7787 8.4797 8.2475 8.1066 7.9409 7.8586 7.6806 7.4385 7.4402 7.3352 7.2925 7.1317 7.1066 7.0764 7.0339 6.9468 6.9662 6.9212
17.9962 16.8793 16.0208 15.3065 14.5519 14.132 13.4013 12.9976 12.6195 12.2184 11.7389 11.611 11.2374 11.0922 10.8913 10.6082 10.4026 10.3464 10.1164 10.1175 10.1804 10.0188 9.9158 9.8675 9.7597 9.8901
25.2769 23.4403 21.5642 20.6369 19.5304 18.6183 17.9877 16.9972 16.5365 15.9894 15.6381 14.9601 14.7172 14.4362 14.1147 13.9045 13.6851 13.486 13.2791 13.2482 13.2275 12.9882 12.9012 12.9284 12.7518 12.6765
32.7637 30.0178 28.0845 26.5237 24.5842 23.3813 22.3504 21.7491 20.8107 19.9995 19.4306 18.7964 18.3156 18.0368 17.5427 17.2662 17.1302 16.9453 16.4899 16.3755 16.1026 16.1063 16.0399 15.8848 15.9413 15.6823
39.2795 36.797 34.2689 32.4279 30.6241 29.3019 27.2284 26.6231 25.2714 24.5263 23.0439 22.5823 22.473 21.7724 21.3921 20.8064 20.5114 20.1227 19.9715 19.6413 19.4365 19.315 19.226 19.0044 18.7948 18.7403
32.1246 29.7579 28.622 26.6234 25.9373 25.3825 25.3319 24.6391 23.5101 23.5578 23.7852 24.1173 23.8449 24.6796 24.8821 25.6894 26.4139 27.7854 29.7231 31.8438 32.8894 35.8222 39.0567 44.899 50.7195 52.3189
141.1488 128.0193 120.7795 113.1912 109.0988 103.3066 99.8951 95.8413 93.3458 93.0109 89.7134 89.137 91.1662 90.9015 92.4791 93.8244 98.8961 102.2483 111.2016 114.1651 119.0798 129.5433 134.0547 155.7452 164.6923 186.3082
390.0784 359.5742 339.7691 308.2558 287.9556 280.4158 257.6357 257.2512 234.6095 235.6061 230.4985 224.0446 214.7439 221.6478 220.5447 223.762 230.3226 241.3889 245.067 266.7027 273.44 289.3312 311.4424 332.6153 364.2567 414.0325
898.6029 804.1708 753.9781 699.2288 656.5729 608.7306 563.9246 535.3855 506.7799 490.4082 473.6065 457.513 465.7858 448.9794 425.1331 443.9665 451.3505 447.1598 478.7375 491.1494 506.8382 546.9698 563.8236 609.0635 642.0745 700.0578
1698.19 1595.6382 1472.675 1373.38 1260.0423 1159.1405 1098.2088 1005.2497 967.013 927.656 884.6065 843.7356 820.6001 822.3256 800.175 766.2294 771.3491 790.8234 791.9297 810.7276 866.1797 912.6976 956.0323 973.4256 1102.5051 1139.5348
10000.0 10000.0 10000.0 10000.0 10000.0 10000.0 10000.0 10000.0 10000.0 10000.0 10000.0 10000.0 10000.0 10000.0 10000.0 10000.0 10000.0 10000.0 10000.0 10000.0 10000.0 10000.0 10000.0 10000.0 10000.0 10000.0
10000.0 10000.0 10000.0 10000.0 10000.0 10000.0 10000.0 10000.0 10000.0 10000.0 10000.0 10000.0 10000.0 10000.0 10000.0 10000.0 10000.0 10000.0 10000.0 10000.0 10000.0 10000.0 10000.0 10000.0 10000.0 10000.0
108.6129 100.1101 95.0999 88.8133 86.2736 81.7826 81.4398 77.5362 80.095 80.4683 82.7202 83.7913 89.5017 93.4832 102.9409 110.3159 124.5553 134.9124 153.8393 176.4871 199.0501 239.6533 266.1009 334.3579 368.0338 468.9227
1101.7257 994.3821 917.8496 854.023 809.0917 765.6711 732.8889 678.8303 673.3607 663.6747 654.8765 691.0391 682.7171 745.108 737.5397 817.3364 885.3121 950.6459 1054.7279 1125.9613 1155.9059 1208.7175 1267.1657 1259.0143 1248.0834 1340.3181
10000.0 10000.0 10000.0 10000.0 10000.0 10000.0 10000.0 10000.0 10000.0 10000.0 10000.0 10000.0 10000.0 10000.0 10000.0 10000.0 10000.0 10000.0 10000.0 10000.0 10000.0 10000.0 10000.0 10000.0 10000.0 10000.0
10000.0 10000.0 10000.0 10000.0 10000.0 10000.0 10000.0 10000.0 10000.0 10000.0 10000.0 10000.0 10000.0 10000.0 10000.0 10000.0 10000.0 10000.0 10000.0 10000.0 10000.0 10000.0 10000.0 10000.0 10000.0 10000.0
10000.0 10000.0 10000.0 10000.0 10000.0 10000.0 10000.0 10000.0 10000.0 10000.0 10000.0 10000.0 10000.0 10000.0 10000.0 10000.0 10000.0 10000.0 10000.0 10000.0 10000.0 10000.0 10000.0 10000.0 10000.0 10000.0
10000.0 10000.0 10000.0 10000.0 10000.0 10000.0 10000.0 10000.0 10000.0 10000.0 10000.0 10000.0 10000.0 10000.0 10000.0 10000.0 10000.0 10000.0 10000.0 10000.0 10000.0 10000.0 10000.0 10000.0 10000.0 10000.0
10000.0 10000.0 10000.0 10000.0 10000.0 10000.0 10000.0 10000.0 10000.0 10000.0 10000.0 10000.0 10000.0 10000.0 10000.0 10000.0 10000.0 10000.0 10000.0 10000.0 10000.0 10000.0 10000.0 10000.0 10000.0 10000.0
255.2224 233.9192 223.8771 207.0263 197.7214 190.1536 188.3051 182.2166 189.0282 192.8228 200.195 214.5396 234.2868 248.8786 290.9027 312.165 386.6241 443.0321 518.0329 581.7542 622.8097 645.5774 746.5045 754.0797 882.8814 913.3323
10000.0 10000.0 10000.0 10000.0 10000.0 10000.0 10000.0 10000.0 10000.0 10000.0 10000.0 10000.0 10000.0 10000.0 10000.0 10000.0 10000.0 10000.0 10000.0 10000.0 10000.0 10000.0 10000.0 10000.0 10000.0 10000.0
10000.0 10000.0 10000.0 10000.0 10000.0 10000.0 10000.0 10000.0 10000.0 10000.0 10000.0 10000.0 10000.0 10000.0 10000.0 10000.0 10000.0 10000.0 10000.0 10000.0 10000.0 10000.0 10000.0 10000.0 10000.0 10000.0
10000.0 10000.0 10000.0 10000.0 10000.0 10000.0 10000.0 10000.0 10000.0 10000.0 10000.0 10000.0 10000.0 10000.0 10000.0 10000.0 10000.0 10000.0 10000.0 10000.0 10000.0 10000.0 10000.0 10000.0 10000.0 10000.0
10000.0 10000.0 10000.0 10000.0 10000.0 10000.0 10000.0 10000.0 10000.0 10000.0 10000.0 10000.0 10000.0 10000.0 10000.0 10000.0 10000.0 10000.0 10000.0 10000.0 10000.0 10000.0 10000.0 10000.0 10000.0 10000.0
10000.0 10000.0 10000.0 10000.0 10000.0 10000.0 10000.0 10000.0 10000.0 10000.0 10000.0 10000.0 10000.0 10000.0 10000.0 10000.0 10000.0 10000.0 10000.0 10000.0 10000.0 10000.0 10000.0 10000.0 10000.0 10000.0
10000.0 10000.0 10000.0 10000.0 10000.0 10000.0 10000.0 10000.0 10000.0 10000.0 10000.0 10000.0 10000.0 10000.0 10000.0 10000.0 10000.0 10000.0 10000.0 10000.0 10000.0 10000.0 10000.0 10000.0 10000.0 10000.0