0 0.2 0.4 0.6 0.8 1 1.2 1.4 1.6 1.8 2
2;2 2;3 2;4 3;2 3;3 3;4 4;2 4;3 4;4

59.625 54.5855 52.5375 50.7995 49.4385 49.453 48.7285 47.4475 48.999 51.4805 54.396
347.5015 311.8215 293.0635 275.418 260.409 251.8355 234.9265 240.396 231.4765 245.5355 235.87
1170.807 1053.6865 962.09 886.089 824.424 762.847 741.2165 718.947 681.7165 659.8415 674.8015
199.019 187.5915 174.6885 164.2695 163.3235 169.1195 168.459 180.787 185.0235 204.1015 210.497
2958.1425 2723.346 2557.3325 2376.6595 2280.3885 2078.962 2057.4085 2021.998 2079.8745 2035.0305 2106.0445
20348.26 17783.536 16763.057 14875.5445 13939.3215 13213.125 12720.6755 12093.5175 11746.356 11389.114 11155.859
442.4665 436.3555 404.993 402.961 390.0945 398.21 417.54 448.549 468.021 507.825 603.6255
20213.111 17891.7245 16399.6445 15513.1065 14501.3385 13681.8735 13187.153 12628.2185 13038.0725 13213.8175 13247.4355
271110.7285 249817.3905 222106.805 208980.4475 189073.169 172901.873 161996.999 149395.021 148063.079 144103.786 140430.2765