0 0.2 0.4 0.6 0.8 1 1.2 1.4 1.6 1.8 2
2;2 2;3 2;4 3;2 3;3 3;4 4;2 4;3 4;4

42.5503 39.4227 37.4744 35.7253 34.3202 33.1784 33.457 32.2362 32.2963 32.239 33.6542
204.1236 192.4041 178.9899 168.5352 157.6449 151.5143 145.0451 142.8935 139.994 135.8641 134.2299
628.3346 576.9695 535.4657 488.9181 454.9164 444.5709 416.2811 398.4746 383.9111 378.5324 359.5519
140.2284 131.9004 123.6218 117.5037 114.1538 111.7931 112.0001 110.1618 117.1308 119.2492 123.6105
1698.6801 1556.5731 1449.5356 1312.7524 1239.9158 1212.957 1168.7853 1114.3722 1090.0624 1073.2704 1119.9018
5034.2759 4844.2 4615.8134 4452.8808 4365.7935 4255.2673 4113.7866 3929.9556 3863.0098 3689.8702 3641.788
330.6738 306.8843 289.0871 271.1389 268.0127 263.115 266.9442 271.1265 282.9639 300.4728 326.5228
5605.6667 5355.035 5084.3676 4782.6629 4664.1715 4364.431 4246.9973 4108.1055 3922.6578 3912.1615 3775.2755
9998.9229 9998.4567 9996.6879 9988.4747 9958.0393 9895.8036 9725.7695 9474.2821 9090.9981 8596.7951 8172.86