0 0.2 0.4 0.6 0.8 1 1.2 1.4 1.6 1.8 2
2;2 2;3 2;4 3;2 3;3 3;4 4;2 4;3 4;4

33.3242 31.7297 30.3815 28.7221 27.8283 27.1204 26.1423 25.6295 25.2771 24.6589 24.8698
146.2888 135.8122 127.1443 120.1945 114.1166 108.8032 104.0357 101.5179 98.7452 96.5913 94.1983
411.8838 387.8116 354.4992 324.9443 312.3913 296.8345 281.1396 263.7142 255.6241 248.4084 242.4082
111.7013 107.4194 99.6607 94.5247 90.1073 86.7508 83.0641 84.1947 84.5329 83.8288 85.8065
1162.1216 1036.8519 973.9079 904.0564 843.7848 794.0521 767.4483 724.606 715.9963 689.2327 717.268
3734.9264 3509.4778 3348.2933 3072.9483 3024.5838 2861.2699 2702.9542 2587.4602 2518.0211 2378.6095 2259.3594
274.8112 249.8663 237.0279 218.5245 211.8838 200.4746 201.3966 195.7909 197.6287 199.0501 216.9283
4445.9123 4087.648 3856.1297 3538.6122 3319.4755 3160.5794 2988.5696 2846.9447 2724.9478 2604.9791 2514.92
9998.8977 9998.0728 9995.8221 9984.0069 9948.2559 9857.2651 9646.7461 9318.4305 8800.7383 8194.9177 7602.7023