0 0.2 0.4 0.6 0.8 1 1.2 1.4 1.6 1.8 2
2;2 2;3 2;4 3;2 3;3 3;4 4;2 4;3 4;4

51.1609 47.7515 45.1928 43.1715 41.6678 40.1818 39.3623 39.393 39.7931 40.882 41.3812
268.1607 244.1263 229.897 213.9693 199.8524 195.1083 184.3528 182.3249 179.9949 175.2657 177.9461
852.3021 769.4343 713.2369 654.0717 614.2985 585.1028 553.2185 536.6355 500.2185 493.4044 483.2475
165.8261 152.8852 144.4808 142.0732 139.066 135.9721 137.2199 140.5021 144.1552 151.8146 163.9321
2239.8847 2060.958 1915.9561 1781.0454 1633.8295 1579.585 1537.9949 1501.9055 1492.0892 1472.2131 1544.065
6362.8252 6215.6475 6038.412 5827.7272 5637.5865 5524.9896 5341.044 5243.2255 5153.6411 5050.8001 5037.895
389.3067 360.9861 342.7646 332.141 327.5043 331.0757 331.0267 347.5917 364.9067 395.7727 435.5737
6745.4478 6475.9032 6240.1815 6006.4122 5797.59 5655.4114 5500.3545 5298.2476 5217.007 5171.4004 5079.4016
9999.0 9998.0374 9996.1811 9990.2636 9972.3371 9925.5119 9821.525 9623.5629 9347.6507 9030.9833 8719.9364