0 0.2 0.4 0.6 0.8 1 1.2 1.4 1.6 1.8 2
2;2 2;3 2;4 3;2 3;3 3;4 4;2 4;3 4;4

49.985 45.4625 45.594 41.9115 39.0785 38.4085 37.9675 40.183 39.5945 39.129 40.4035
269.243 237.9655 229.5045 218.095 206.1955 197.9125 192.014 183.1165 180.004 180.4685 180.5295
837.6515 773.941 714.4655 667.3795 644.4695 569.603 561.629 522.0565 507.6765 503.9765 485.25
160.411 153.8435 138.8415 140.1935 130.5215 133.5755 128.4335 139.578 148.487 158.1615 171.199
2212.393 1989.3625 1901.4755 1774.7025 1727.706 1639.012 1523.4365 1512.568 1460.5025 1555.2645 1582.583
14041.5385 13233.6425 12229.8605 11173.8255 10290.2055 9603.294 8968.8435 8371.9725 8295.9965 8284.809 7997.0385
374.063 343.3005 340.7045 319.914 312.8485 320.2215 332.7185 331.5305 373.151 406.7015 438.958
14905.431 13584.323 12100.186 10989.586 10825.224 10096.1105 9651.035 9363.899 9422.8985 9740.4885 10110.03
212216.76 183265.4775 162205.1045 150773.1085 133219.7775 128407.773 116973.5545 110610.1365 106611.168 101882.1985 100621.8295