0 0.2 0.4 0.6 0.8 1 1.2 1.4 1.6 1.8 2
2;2 2;3 2;4 3;2 3;3 3;4 4;2 4;3 4;4

56.5305 53.2135 50.5965 47.567 46.235 45.436 45.4065 43.5015 44.6635 46.6255 49.28
318.795 290.6275 269.4265 254.9065 235.9945 230.8415 219.6155 218.3915 209.13 210.558 215.7315
1043.962 955.5195 892.815 796.487 762.452 713.1305 679.3985 651.2455 631.968 624.6105 615.6245
180.329 171.1865 162.3645 158.9315 158.1215 155.775 159.6565 160.9085 173.643 174.407 193.42
2656.338 2547.3035 2351.4135 2189.639 2062.9895 2006.985 1916.186 1867.741 1848.639 1870.529 1961.603
18245.972 16673.6525 15436.9955 13917.6215 12859.4775 12028.553 11526.7445 10647.098 10544.3055 10178.8375 9905.091
426.6865 391.568 385.0765 380.161 369.9415 371.4265 390.005 434.0715 437.813 477.669 559.4025
18135.5485 16445.5195 14890.296 14098.463 13140.2715 12312.96 11719.863 11624.556 11615.9565 11808.5225 11876.3325
256469.572 229618.2755 206939.0515 188832.38 170068.217 160310.697 149483.7765 139623.0355 133105.298 126168.1845 127155.6205