0 0.2 0.4 0.6 0.8 1 1.2 1.4 1.6 1.8 2
2;2 2;3 2;4 3;2 3;3 3;4 4;2 4;3 4;4

38.602 34.699 34.9915 32.8835 30.1055 31.2925 29.492 28.918 28.7425 28.8835 29.5025
184.862 169.878 163.2435 153.2615 150.119 133.2855 135.2875 128.369 126.4055 122.9725 127.105
545.6445 504.302 497.463 462.867 416.0605 387.143 382.344 352.806 343.879 337.799 350.5425
123.884 117.542 110.3395 107.5765 102.4245 98.445 99.7165 100.582 102.435 105.8655 112.4805
1535.973 1350.3385 1313.1515 1267.444 1111.9235 1021.0855 1049.6395 1017.454 953.2975 941.1755 980.965
9211.6745 8304.8895 7744.1265 7111.679 6521.746 5985.271 5539.542 5436.416 5271.2495 5091.694 5094.0775
307.264 276.6785 260.3905 251.667 239.4735 227.3225 230.6655 260.4705 255.4715 259.376 260.09
9702.624 8945.5135 7892.6945 7683.957 6900.3395 6491.85 6388.0925 6170.3455 6100.578 5686.848 6069.111
124094.0375 107493.612 99317.5625 93230.605 86079.2365 81636.7385 74229.0495 67068.333 60602.9315 61704.73 57981.4715