0 0.2 0.4 0.6 0.8 1 1.2 1.4 1.6 1.8 2
2;2 2;3 2;4 3;2 3;3 3;4 4;2 4;3 4;4

45.1545 42.037 38.659 38.158 37.264 35.3835 35.6905 36.0865 36.1945 37.1105 36.443
235.7425 214.882 203.6695 196.127 179.0075 175.198 171.104 164.0585 158.466 162.1645 160.242
754.439 675.9785 650.728 591.5855 552.6105 534.104 496.1395 482.571 460.5945 475.056 441.7495
148.465 137.156 132.2515 126.55 124.8105 119.894 123.797 124.1955 130.1995 140.324 145.355
1986.1075 1791.2165 1707.934 1571.5485 1509.9205 1442.92 1340.3 1351.2385 1350.4875 1420.6445 1309.604
12704.287 11712.2555 10700.8985 9680.9835 8991.0875 8077.0915 7871.1525 7672.6885 7364.347 7315.4285 7084.058
342.7145 324.016 314.6585 298.454 292.2725 292.68 297.7565 306.336 348.6205 354.4275 391.57
12917.632 12286.3015 10898.8405 9861.943 9665.7835 8888.618 8646.7755 8415.3815 8286.5865 8000.848 8234.4195
177705.9795 160168.7705 144113.9925 127150.482 114956.6245 109800.741 103971.7835 99718.1025 85832.6335 86125.9955 87460.2255