0 0.2 0.4 0.6 0.8 1 1.2 1.4 1.6 1.8 2
2;2 2;3 2;4 3;2 3;3 3;4 4;2 4;3 4;4

30.8645 28.0665 26.93 26.553 24.423 24.0825 24.31 22.4475 22.8595 22.512 22.766
135.8725 119.479 115.044 109.18 106.0595 97.6985 98.6175 88.8715 86.313 87.2145 88.249
360.0965 344.994 316.5365 307.832 271.019 260.2255 243.187 238.471 229.6 230.22 214.137
100.9415 96.65 88.63 88.1735 78.8415 76.2675 76.2425 70.2465 76.358 83.134 74.031
1098.171 946.638 846.1925 835.8715 773.915 781.988 691.7995 673.871 634.3805 653.7275 640.906
5803.041 5128.7835 4659.1175 4490.0405 3951.475 3955.4235 3679.854 3436.1755 3069.3405 2899.8195 2712.9575
244.1245 224.7045 211.2735 197.5085 187.206 177.983 181.866 183.4955 190.7215 172.846 183.948
6569.1895 5715.557 5162.355 4660.1815 4575.067 4056.487 3878.3935 3856.424 3598.8205 3434.759 3510.7425
76257.866 68683.0125 56689.505 51883.624 45455.5085 46076.134 39132.0945 39057.5165 36245.9625 32594.7785 29519.0265