0 0.2 0.4 0.6 0.8 1 1.2 1.4 1.6 1.8 2 2.2 2.4 2.6 2.8 3 3.2 3.4 3.6 3.8 4 4.2 4.4 4.6 4.8 5
1;2 1;3 1;4 1;5 1;6 1;7 1;8 2;2 2;3 2;4 2;5 2;6 2;7 2;8 3;2 3;3 3;4 3;5 3;6 3;7 3;8 4;2 4;3 4;4 4;5 4;6 4;7 4;8

4.7672 4.4155 4.066 3.8346 3.5749 3.4036 3.2957 3.1376 3.0549 2.8829 2.8296 2.7146 2.6321 2.544 2.4372 2.3594 2.2903 2.2232 2.0841 2.0994 2.1294 2.106 2.1059 2.0895 2.1098 2.1058
10.9412 10.0852 9.3938 8.8168 8.3541 7.7935 7.5667 7.1259 6.9664 6.5469 6.3741 6.0121 5.8197 5.6784 5.5045 5.3696 5.1838 5.1461 5.0694 4.915 4.8246 4.7617 4.7064 4.7511 4.7149 4.7813
18.1489 17.0024 15.7495 14.5508 13.7198 12.8536 12.4446 11.6538 11.3046 10.668 10.2067 9.937 9.5217 9.1957 8.9142 8.6482 8.4691 8.2371 8.1596 8.0391 7.9514 7.8094 7.769 7.661 7.6056 7.5531
26.9055 25.2972 23.2159 21.6406 20.0679 19.0231 17.6823 16.9806 16.0851 15.2638 14.5912 14.2367 13.5015 13.0166 12.7928 12.2793 12.0738 11.8834 11.525 11.4479 11.2138 11.0311 10.9197 10.8082 10.8571 10.6734
37.5331 34.2168 31.4848 29.0114 27.7971 25.6315 24.2101 22.4511 21.4144 20.2721 19.451 18.6861 17.803 17.0973 16.8217 15.9976 15.9289 15.3143 15.0228 14.8833 14.5125 14.4451 14.177 14.1687 14.1043 13.8767
49.756 44.7667 42.3235 38.5384 34.8451 32.5595 30.6107 28.3913 26.9416 25.763 24.3426 23.1604 22.5293 21.4966 21.1019 20.3649 19.7561 19.2143 18.791 18.5853 18.1519 17.7679 17.7252 17.4424 17.4338 17.2216
63.0184 58.1513 51.9968 48.0885 43.9125 41.2406 38.1812 35.6684 33.4492 31.5386 29.429 28.6801 27.3739 26.1816 25.1635 24.3727 23.9842 23.4553 22.8168 22.3212 21.7275 21.4604 21.1911 20.9563 20.6226 20.6481
38.9735 37.1775 34.7413 33.6526 32.5115 31.6695 31.3982 30.5924 30.643 30.6833 31.6828 32.1943 32.8455 35.2359 36.9055 39.1999 41.6565 44.4184 48.6235 51.9464 56.0107 63.4939 71.4154 74.4677 88.9958 99.4051
195.6879 180.9875 168.0755 156.213 151.1691 145.2097 137.8651 132.9639 131.7006 129.0904 131.7679 130.8524 134.2696 136.4184 139.2324 145.1699 155.7443 163.4429 175.6041 192.7749 206.0252 220.0355 241.81 276.9094 298.4849 333.1166
585.8802 542.2879 507.7159 469.6614 434.2872 405.1671 390.7814 374.3669 365.9316 356.4743 347.1496 340.3405 348.8791 345.3043 349.3965 358.6364 364.3879 378.3677 395.9788 432.4048 474.2471 505.7146 540.0082 578.1335 646.8911 731.3654
1443.2795 1324.5068 1194.0477 1104.048 1036.6034 954.5596 892.7421 848.0338 800.3922 783.3206 756.5326 735.0822 713.9775 705.0294 709.8002 727.077 732.2372 769.9406 813.9956 832.2307 894.093 929.1474 1021.5509 1072.2313 1164.4562 1309.7021
2867.0944 2643.9688 2387.5266 2246.406 2065.6667 1899.6785 1756.5031 1661.2306 1551.0684 1484.39 1431.0312 1389.9951 1321.0789 1344.6034 1320.856 1310.925 1283.6199 1335.2966 1341.0463 1437.8774 1487.7997 1590.4792 1676.4072 1781.4383 1926.6748 2082.7639
10000.0 10000.0 10000.0 10000.0 10000.0 10000.0 10000.0 10000.0 10000.0 10000.0 10000.0 10000.0 10000.0 10000.0 10000.0 10000.0 10000.0 10000.0 10000.0 10000.0 10000.0 10000.0 10000.0 10000.0 10000.0 10000.0
10000.0 10000.0 10000.0 10000.0 10000.0 10000.0 10000.0 10000.0 10000.0 10000.0 10000.0 10000.0 10000.0 10000.0 10000.0 10000.0 10000.0 10000.0 10000.0 10000.0 10000.0 10000.0 10000.0 10000.0 10000.0 10000.0
132.9525 124.3079 117.6896 110.6943 108.6941 104.7628 106.1444 105.3526 106.2149 109.4346 116.8606 125.1944 137.0749 145.4228 162.3991 184.5336 211.0006 237.4717 278.1438 323.7224 379.2487 441.3143 538.7396 619.7707 745.7777 902.8056
1617.4589 1461.8975 1339.8011 1251.456 1157.5279 1143.6485 1088.9972 1046.4132 1056.9685 1046.5037 1044.9315 1078.7691 1167.3448 1187.9495 1273.0664 1398.7418 1530.8356 1676.491 1942.8072 2076.1722 2176.5629 2234.0969 2355.1357 2438.6233 2413.3006 2549.7242
10000.0 10000.0 10000.0 10000.0 10000.0 10000.0 10000.0 10000.0 10000.0 10000.0 10000.0 10000.0 10000.0 10000.0 10000.0 10000.0 10000.0 10000.0 10000.0 10000.0 10000.0 10000.0 10000.0 10000.0 10000.0 10000.0
10000.0 10000.0 10000.0 10000.0 10000.0 10000.0 10000.0 10000.0 10000.0 10000.0 10000.0 10000.0 10000.0 10000.0 10000.0 10000.0 10000.0 10000.0 10000.0 10000.0 10000.0 10000.0 10000.0 10000.0 10000.0 10000.0
10000.0 10000.0 10000.0 10000.0 10000.0 10000.0 10000.0 10000.0 10000.0 10000.0 10000.0 10000.0 10000.0 10000.0 10000.0 10000.0 10000.0 10000.0 10000.0 10000.0 10000.0 10000.0 10000.0 10000.0 10000.0 10000.0
10000.0 10000.0 10000.0 10000.0 10000.0 10000.0 10000.0 10000.0 10000.0 10000.0 10000.0 10000.0 10000.0 10000.0 10000.0 10000.0 10000.0 10000.0 10000.0 10000.0 10000.0 10000.0 10000.0 10000.0 10000.0 10000.0
10000.0 10000.0 10000.0 10000.0 10000.0 10000.0 10000.0 10000.0 10000.0 10000.0 10000.0 10000.0 10000.0 10000.0 10000.0 10000.0 10000.0 10000.0 10000.0 10000.0 10000.0 10000.0 10000.0 10000.0 10000.0 10000.0
314.9999 287.3918 274.4082 264.3563 250.129 248.8673 258.2549 248.1203 276.1593 277.7013 301.4996 330.6417 378.304 433.9848 500.0338 593.2418 702.8911 841.9899 1004.7962 1132.563 1253.9024 1327.1013 1380.0288 1561.8669 1683.2419 1765.093
10000.0 10000.0 10000.0 10000.0 10000.0 10000.0 10000.0 10000.0 10000.0 10000.0 10000.0 10000.0 10000.0 10000.0 10000.0 10000.0 10000.0 10000.0 10000.0 10000.0 10000.0 10000.0 10000.0 10000.0 10000.0 10000.0
10000.0 10000.0 10000.0 10000.0 10000.0 10000.0 10000.0 10000.0 10000.0 10000.0 10000.0 10000.0 10000.0 10000.0 10000.0 10000.0 10000.0 10000.0 10000.0 10000.0 10000.0 10000.0 10000.0 10000.0 10000.0 10000.0
10000.0 10000.0 10000.0 10000.0 10000.0 10000.0 10000.0 10000.0 10000.0 10000.0 10000.0 10000.0 10000.0 10000.0 10000.0 10000.0 10000.0 10000.0 10000.0 10000.0 10000.0 10000.0 10000.0 10000.0 10000.0 10000.0
10000.0 10000.0 10000.0 10000.0 10000.0 10000.0 10000.0 10000.0 10000.0 10000.0 10000.0 10000.0 10000.0 10000.0 10000.0 10000.0 10000.0 10000.0 10000.0 10000.0 10000.0 10000.0 10000.0 10000.0 10000.0 10000.0
10000.0 10000.0 10000.0 10000.0 10000.0 10000.0 10000.0 10000.0 10000.0 10000.0 10000.0 10000.0 10000.0 10000.0 10000.0 10000.0 10000.0 10000.0 10000.0 10000.0 10000.0 10000.0 10000.0 10000.0 10000.0 10000.0
10000.0 10000.0 10000.0 10000.0 10000.0 10000.0 10000.0 10000.0 10000.0 10000.0 10000.0 10000.0 10000.0 10000.0 10000.0 10000.0 10000.0 10000.0 10000.0 10000.0 10000.0 10000.0 10000.0 10000.0 10000.0 10000.0