0 0.2 0.4 0.6 0.8 1 1.2 1.4 1.6 1.8 2
2;2 2;3 2;4 3;2 3;3 3;4 4;2 4;3 4;4

33.862 32.221 29.8005 28.7115 28.46 26.9275 26.7015 26.1785 27.076 25.2875 26.204
154.6075 151.4435 130.1085 123.7725 120.707 121.3935 114.7955 111.9315 109.2685 107.3895 103.8255
469.3675 436.461 393.4525 376.4515 362.34 338.3565 321.552 310.712 292.1945 271.8565 282.317
113.0065 107.3755 99.503 91.9155 90.978 89.1265 88.326 87.0735 87.8735 88.615 91.4365
1298.546 1149.5755 1108.788 1085.5655 937.175 871.9855 912.7905 795.9235 858.836 812.7715 804.3345
7450.7535 6576.615 6438.8145 5618.3235 5291.404 4814.206 4820.927 4479.1745 4216.793 3953.416 4070.696
266.7245 251.8825 237.278 230.1805 215.394 219.132 210.996 205.44 217.613 234.4245 251.8725
8010.755 7347.605 6563.813 6148.787 5557.1725 5304.708 5056.174 4875.795 4922.2605 4877.784 4865.3005
98921.35 92070.2555 79107.051 72315.3715 66669.431 58368.311 56691.878 53703.7565 48958.863 49752.617 44885.38