0 0.2 0.4 0.6 0.8 1 1.2 1.4 1.6 1.8 2 2.2 2.4 2.6 2.8 3 3.2 3.4 3.6 3.8 4 4.2 4.4 4.6 4.8 5
1;2 1;3 1;4 1;5 1;6 1;7 1;8 2;2 2;3 2;4 2;5 2;6 2;7 2;8 3;2 3;3 3;4 3;5 3;6 3;7 3;8 4;2 4;3 4;4 4;5 4;6 4;7 4;8

7.5025 6.9872 6.4114 5.915 5.5798 5.2844 4.873 4.4391 4.2905 4.1437 3.9197 3.6988 3.448 3.2935 3.1873 3.0251 2.883 2.7463 2.5253 2.4862 2.5206 2.4812 2.4838 2.4875 2.4999 2.4564
17.5594 16.2627 15.1092 13.8073 12.5777 11.8532 11.1535 10.272 9.7832 9.2015 8.7957 8.229 7.9004 7.5009 7.2194 6.8457 6.4939 6.3094 6.1024 5.9568 5.8538 5.642 5.6057 5.5191 5.5432 5.5381
30.303 27.6877 25.3857 23.1428 21.1453 19.8256 18.3198 16.9816 15.8425 14.9406 14.2503 13.5137 12.847 12.1539 11.5835 11.148 10.7367 10.2412 10.0375 9.6357 9.4165 9.1535 9.1311 9.0555 8.9688 8.7906
46.5513 41.6663 37.5456 34.32 31.5581 28.9613 26.4443 24.8782 23.1494 21.6515 20.3754 19.3338 18.1588 17.2747 16.2328 15.6656 15.1823 14.7385 14.2449 13.7233 13.5067 13.1405 12.9131 12.6812 12.4317 12.5383
64.4911 58.2222 51.9945 47.1795 42.828 39.4197 36.4317 33.6441 31.2646 28.7309 27.1808 25.5155 24.1403 22.7002 21.5877 20.6569 19.8929 19.2577 18.4206 18.0821 17.5565 17.1394 16.9205 16.6603 16.3117 15.9464
86.4814 76.1059 68.7863 61.6698 56.172 51.0483 47.1125 43.0679 39.9682 37.0919 34.4376 32.2734 30.4638 28.8529 27.3644 25.9638 24.7641 24.1259 23.2518 22.3863 21.7942 21.4645 20.9802 20.6607 20.3923 20.18
110.4183 97.9978 87.8726 78.6135 71.3248 63.3928 58.8737 54.3354 49.3136 45.8389 41.9988 39.6751 37.2554 35.0629 33.126 31.8923 30.3297 29.1214 27.9714 27.3206 26.4199 25.7743 25.3391 25.0337 24.2525 23.9838
55.2995 51.766 49.6126 46.7032 45.6377 45.1694 44.3846 44.3063 45.7723 45.0744 46.2596 49.091 51.9359 54.6523 58.9993 62.7788 70.6406 75.9034 80.7712 93.346 102.4076 115.7177 127.4906 145.1214 159.3272 185.8158
306.0597 288.6092 265.8811 244.8312 232.8401 226.19 215.738 211.8165 207.3548 205.902 208.1852 213.8707 216.51 226.6522 235.6789 250.8471 266.7897 284.786 308.6733 336.1909 357.9949 401.154 460.369 497.0888 552.8351 639.3055
1016.9999 925.4595 838.3505 773.3807 729.8064 689.2279 653.6013 619.2511 610.1735 588.9593 576.422 579.4322 574.3203 591.1084 604.7543 624.5676 657.9914 694.6749 732.128 781.7156 844.4984 928.2514 1024.2493 1130.3614 1239.4782 1390.2275
2534.2996 2265.073 2051.7376 1907.6661 1763.9989 1652.2951 1540.0718 1448.6832 1421.8153 1327.074 1295.6192 1264.0854 1232.0306 1237.0708 1257.7124 1277.6919 1305.1175 1367.1692 1419.7823 1506.5464 1630.3699 1738.4717 1871.6135 2051.8248 2257.5218 2513.0081
5142.7123 4709.4772 4325.9422 3923.5935 3611.072 3356.4786 3101.9479 2937.5099 2758.9183 2636.9655 2517.5206 2435.9331 2412.4069 2357.982 2315.0568 2347.2646 2380.3063 2432.581 2438.6533 2607.6993 2724.2089 2901.9705 3157.8143 3403.2944 3622.9892 3977.959
10000.0 10000.0 10000.0 10000.0 10000.0 10000.0 10000.0 10000.0 10000.0 10000.0 10000.0 10000.0 10000.0 10000.0 10000.0 10000.0 10000.0 10000.0 10000.0 10000.0 10000.0 10000.0 10000.0 10000.0 10000.0 10000.0
10000.0 10000.0 10000.0 10000.0 10000.0 10000.0 10000.0 10000.0 10000.0 10000.0 10000.0 10000.0 10000.0 10000.0 10000.0 10000.0 10000.0 10000.0 10000.0 10000.0 10000.0 10000.0 10000.0 10000.0 10000.0 10000.0
181.7352 170.3614 162.0405 156.742 154.0964 152.4226 155.4261 157.9813 165.2106 173.5682 185.2332 206.16 227.3049 254.8436 291.2448 325.8193 385.3292 437.4253 507.7463 608.4729 722.4667 838.9037 1055.8929 1261.5007 1499.6181 1811.1416
2657.1989 2376.0602 2219.5518 2064.4634 1959.533 1868.0912 1838.4961 1788.1784 1770.8595 1805.8267 1884.0207 1894.3216 2029.3942 2193.4191 2351.7509 2628.4142 2910.7172 3257.0501 3676.1321 3965.5021 4177.6537 4341.8811 4577.2519 4709.3415 4753.5469 4865.6343
10000.0 10000.0 10000.0 10000.0 10000.0 10000.0 10000.0 10000.0 10000.0 10000.0 10000.0 10000.0 10000.0 10000.0 10000.0 10000.0 10000.0 10000.0 10000.0 10000.0 10000.0 10000.0 10000.0 10000.0 10000.0 10000.0
10000.0 10000.0 10000.0 10000.0 10000.0 10000.0 10000.0 10000.0 10000.0 10000.0 10000.0 10000.0 10000.0 10000.0 10000.0 10000.0 10000.0 10000.0 10000.0 10000.0 10000.0 10000.0 10000.0 10000.0 10000.0 10000.0
10000.0 10000.0 10000.0 10000.0 10000.0 10000.0 10000.0 10000.0 10000.0 10000.0 10000.0 10000.0 10000.0 10000.0 10000.0 10000.0 10000.0 10000.0 10000.0 10000.0 10000.0 10000.0 10000.0 10000.0 10000.0 10000.0
10000.0 10000.0 10000.0 10000.0 10000.0 10000.0 10000.0 10000.0 10000.0 10000.0 10000.0 10000.0 10000.0 10000.0 10000.0 10000.0 10000.0 10000.0 10000.0 10000.0 10000.0 10000.0 10000.0 10000.0 10000.0 10000.0
10000.0 10000.0 10000.0 10000.0 10000.0 10000.0 10000.0 10000.0 10000.0 10000.0 10000.0 10000.0 10000.0 10000.0 10000.0 10000.0 10000.0 10000.0 10000.0 10000.0 10000.0 10000.0 10000.0 10000.0 10000.0 10000.0
423.3178 399.3021 379.4175 366.4789 365.1486 373.4645 379.8811 397.6171 428.1065 471.5002 516.3745 586.4334 675.1642 794.9288 914.7448 1104.5631 1317.5674 1577.1144 1969.796 2188.6019 2408.5763 2666.1652 2739.3774 2993.6774 3239.4327 3528.4035
10000.0 10000.0 10000.0 10000.0 10000.0 10000.0 10000.0 10000.0 10000.0 10000.0 10000.0 10000.0 10000.0 10000.0 10000.0 10000.0 10000.0 10000.0 10000.0 10000.0 10000.0 10000.0 10000.0 10000.0 10000.0 10000.0
10000.0 10000.0 10000.0 10000.0 10000.0 10000.0 10000.0 10000.0 10000.0 10000.0 10000.0 10000.0 10000.0 10000.0 10000.0 10000.0 10000.0 10000.0 10000.0 10000.0 10000.0 10000.0 10000.0 10000.0 10000.0 10000.0
10000.0 10000.0 10000.0 10000.0 10000.0 10000.0 10000.0 10000.0 10000.0 10000.0 10000.0 10000.0 10000.0 10000.0 10000.0 10000.0 10000.0 10000.0 10000.0 10000.0 10000.0 10000.0 10000.0 10000.0 10000.0 10000.0
10000.0 10000.0 10000.0 10000.0 10000.0 10000.0 10000.0 10000.0 10000.0 10000.0 10000.0 10000.0 10000.0 10000.0 10000.0 10000.0 10000.0 10000.0 10000.0 10000.0 10000.0 10000.0 10000.0 10000.0 10000.0 10000.0
10000.0 10000.0 10000.0 10000.0 10000.0 10000.0 10000.0 10000.0 10000.0 10000.0 10000.0 10000.0 10000.0 10000.0 10000.0 10000.0 10000.0 10000.0 10000.0 10000.0 10000.0 10000.0 10000.0 10000.0 10000.0 10000.0
10000.0 10000.0 10000.0 10000.0 10000.0 10000.0 10000.0 10000.0 10000.0 10000.0 10000.0 10000.0 10000.0 10000.0 10000.0 10000.0 10000.0 10000.0 10000.0 10000.0 10000.0 10000.0 10000.0 10000.0 10000.0 10000.0