0 0.2 0.4 0.6 0.8 1 1.2 1.4 1.6 1.8 2
2;2 2;3 2;4 3;2 3;3 3;4 4;2 4;3 4;4

22.458 21.5235 20.273 19.928 18.676 18.1535 17.2365 16.1625 15.8495 15.5645 14.6015
77.77 73.5405 70.925 66.514 64.5125 59.764 58.389 55.4515 52.7665 51.7905 49.996
176.6585 167.4895 160.2995 151.1155 141.119 134.2855 130.5275 123.8535 118.334 113.4225 107.731
78.6795 72.795 68.108 64.1155 58.878 56.367 53.5705 49.8235 47.5905 43.888 42.6805
559.7405 500.7835 469.8515 425.709 392.9915 365.542 343.38 315.4855 297.1715 280.9825 264.49
2205.503 1965.264 1781.203 1616.8335 1486.2685 1355.1275 1255.1645 1121.463 1067.503 982.5415 914.9245
191.4485 179.673 158.864 149.375 138.249 126.444 116.2675 110.8335 104.075 96.56 90.5635
3005.103 2670.028 2386.523 2127.2155 1920.9555 1728.886 1553.9035 1439.2445 1314.752 1204.079 1099.8865
21774.6175 18887.4095 16685.3005 14738.7045 12834.455 11598.692 10073.6505 9001.9215 8013.647 7191.109 6575.747