0 0.2 0.4 0.6 0.8 1 1.2 1.4 1.6 1.8 2 2.2 2.4 2.6 2.8 3 3.2 3.4 3.6 3.8 4 4.2 4.4 4.6 4.8 5
1;2 1;3 1;4 1;5 1;6 1;7 1;8 2;2 2;3 2;4 2;5 2;6 2;7 2;8 3;2 3;3 3;4 3;5 3;6 3;7 3;8 4;2 4;3 4;4 4;5 4;6 4;7 4;8

1.7301 1.723 1.7171 1.6896 1.7217 1.7198 1.6923 1.718 1.7261 1.6976 1.7071 1.7313 1.7214 1.7011 1.7075 1.7209 1.725 1.7336 1.7312 1.7352 1.699 1.7224 1.7206 1.7174 1.6873 1.726
3.8685 3.8905 3.8677 3.8436 3.8961 3.8822 3.8881 3.9307 3.9327 3.8874 3.8871 3.9281 3.9411 3.9062 3.9076 3.9161 3.8681 3.9353 3.8792 3.9081 3.8748 3.9123 3.8922 3.9034 3.9084 3.8932
6.2835 6.4018 6.3501 6.3667 6.338 6.3752 6.3387 6.3539 6.4289 6.3139 6.3413 6.328 6.2636 6.3172 6.3423 6.2873 6.3512 6.2621 6.3371 6.3143 6.3155 6.3085 6.315 6.389 6.3055 6.2839
8.9284 8.9103 8.8932 8.9709 8.8574 8.9089 8.9136 8.9224 8.9399 8.9617 8.9156 8.9946 8.9997 8.9747 8.8803 8.9661 8.9497 8.9136 8.8937 8.9316 8.9855 8.9611 8.9888 8.8453 8.8294 8.8678
11.7086 11.5779 11.4979 11.6202 11.6149 11.6672 11.7543 11.6529 11.5587 11.659 11.5653 11.6066 11.5168 11.5498 11.618 11.5534 11.6537 11.6597 11.5548 11.6126 11.5771 11.5796 11.6381 11.66 11.5451 11.5339
14.4455 14.3566 14.3541 14.3835 14.4007 14.3251 14.3401 14.3475 14.4428 14.2593 14.3216 14.4247 14.4237 14.3317 14.3854 14.3468 14.368 14.5431 14.3914 14.3912 14.5012 14.3861 14.3105 14.2912 14.4198 14.3816
17.1662 17.0669 17.2755 17.1703 17.1824 17.1105 17.0221 16.9814 17.0502 17.2969 17.1457 17.0675 17.2784 17.3401 17.2666 17.2253 17.0444 17.1503 17.2767 17.1661 17.2065 17.1879 17.1715 17.2323 17.2022 17.1597
23.4133 22.2572 21.1658 20.5554 19.6417 19.0584 18.1034 17.3229 16.7439 15.8598 15.5706 14.9401 14.5831 14.0873 13.4981 13.2461 12.7662 12.5115 12.1988 11.8597 11.6362 11.29 10.8459 10.607 10.1736 9.9091
81.5571 77.0995 73.2806 69.7846 67.1042 63.5264 60.8296 58.3982 56.0199 53.3831 51.4579 49.5184 47.897 46.2384 44.8616 43.3975 42.2901 40.5594 39.6355 38.755 37.6602 36.991 35.8035 35.0105 34.2314 33.9805
185.8823 174.472 166.1396 156.1285 149.3672 142.1505 135.7266 128.647 123.4082 117.4417 112.8694 108.2153 103.9656 100.1705 96.3768 93.8151 90.3814 86.9911 84.9322 82.6738 80.1486 78.3664 76.9352 74.2154 73.247 72.0123
349.5396 328.7913 311.035 291.6892 276.429 261.8929 248.1406 236.0208 224.8176 214.2027 203.7673 195.3364 186.6485 180.3778 172.8687 166.1961 161.572 156.5468 151.034 146.06 142.4644 138.1422 134.4868 131.6775 128.5859 124.9567
590.4814 552.435 520.5052 487.6926 458.6876 435.8668 408.4681 389.3548 369.2617 348.4638 333.3438 318.3366 302.985 291.2158 277.9832 268.4446 256.6355 247.9202 240.1548 231.6007 225.2468 218.1068 210.9943 205.5611 200.7244 195.752
10000.0 10000.0 10000.0 10000.0 10000.0 10000.0 10000.0 10000.0 10000.0 10000.0 10000.0 10000.0 10000.0 10000.0 10000.0 10000.0 10000.0 10000.0 10000.0 10000.0 10000.0 10000.0 10000.0 10000.0 10000.0 10000.0
10000.0 10000.0 10000.0 10000.0 10000.0 10000.0 10000.0 10000.0 10000.0 10000.0 10000.0 10000.0 10000.0 10000.0 10000.0 10000.0 10000.0 10000.0 10000.0 10000.0 10000.0 10000.0 10000.0 10000.0 10000.0 10000.0
82.4198 76.5384 71.498 66.5659 62.8802 58.9917 55.624 52.6145 49.6565 47.2329 44.8447 42.6232 40.9728 39.2946 37.5542 35.9366 34.878 33.6589 32.3816 31.473 30.6102 29.8785 28.7415 28.1973 27.5135 26.8726
582.2553 534.3412 488.9267 451.7795 416.6758 384.2771 358.6541 334.592 309.1242 291.8727 273.3698 258.8714 243.257 231.1149 218.0756 208.3963 200.2746 191.7398 183.0614 175.5035 170.1233 164.3746 158.9324 153.4206 149.8647 145.5859
10000.0 10000.0 10000.0 10000.0 10000.0 10000.0 10000.0 10000.0 10000.0 10000.0 10000.0 10000.0 10000.0 10000.0 10000.0 10000.0 10000.0 10000.0 10000.0 10000.0 10000.0 10000.0 10000.0 10000.0 10000.0 10000.0
10000.0 10000.0 10000.0 10000.0 10000.0 10000.0 10000.0 10000.0 10000.0 10000.0 10000.0 10000.0 10000.0 10000.0 10000.0 10000.0 10000.0 10000.0 10000.0 10000.0 10000.0 10000.0 10000.0 10000.0 10000.0 10000.0
10000.0 10000.0 10000.0 10000.0 10000.0 10000.0 10000.0 10000.0 10000.0 10000.0 10000.0 10000.0 10000.0 10000.0 10000.0 10000.0 10000.0 10000.0 10000.0 10000.0 10000.0 10000.0 10000.0 10000.0 10000.0 10000.0
10000.0 10000.0 10000.0 10000.0 10000.0 10000.0 10000.0 10000.0 10000.0 10000.0 10000.0 10000.0 10000.0 10000.0 10000.0 10000.0 10000.0 10000.0 10000.0 10000.0 10000.0 10000.0 10000.0 10000.0 10000.0 10000.0
10000.0 10000.0 10000.0 10000.0 10000.0 10000.0 10000.0 10000.0 10000.0 10000.0 10000.0 10000.0 10000.0 10000.0 10000.0 10000.0 10000.0 10000.0 10000.0 10000.0 10000.0 10000.0 10000.0 10000.0 10000.0 10000.0
200.0209 183.2603 168.1956 154.408 143.7116 133.2941 122.2928 115.557 107.5002 101.9726 95.5462 90.8169 85.5232 81.2973 77.1833 74.1633 70.864 67.9506 65.4192 63.1716 60.9134 58.8082 57.0561 55.5996 53.8211 52.09
10000.0 10000.0 10000.0 10000.0 10000.0 10000.0 10000.0 10000.0 10000.0 10000.0 10000.0 10000.0 10000.0 10000.0 10000.0 10000.0 10000.0 10000.0 10000.0 10000.0 10000.0 10000.0 10000.0 10000.0 10000.0 10000.0
10000.0 10000.0 10000.0 10000.0 10000.0 10000.0 10000.0 10000.0 10000.0 10000.0 10000.0 10000.0 10000.0 10000.0 10000.0 10000.0 10000.0 10000.0 10000.0 10000.0 10000.0 10000.0 10000.0 10000.0 10000.0 10000.0
10000.0 10000.0 10000.0 10000.0 10000.0 10000.0 10000.0 10000.0 10000.0 10000.0 10000.0 10000.0 10000.0 10000.0 10000.0 10000.0 10000.0 10000.0 10000.0 10000.0 10000.0 10000.0 10000.0 10000.0 10000.0 10000.0
10000.0 10000.0 10000.0 10000.0 10000.0 10000.0 10000.0 10000.0 10000.0 10000.0 10000.0 10000.0 10000.0 10000.0 10000.0 10000.0 10000.0 10000.0 10000.0 10000.0 10000.0 10000.0 10000.0 10000.0 10000.0 10000.0
10000.0 10000.0 10000.0 10000.0 10000.0 10000.0 10000.0 10000.0 10000.0 10000.0 10000.0 10000.0 10000.0 10000.0 10000.0 10000.0 10000.0 10000.0 10000.0 10000.0 10000.0 10000.0 10000.0 10000.0 10000.0 10000.0
10000.0 10000.0 10000.0 10000.0 10000.0 10000.0 10000.0 10000.0 10000.0 10000.0 10000.0 10000.0 10000.0 10000.0 10000.0 10000.0 10000.0 10000.0 10000.0 10000.0 10000.0 10000.0 10000.0 10000.0 10000.0 10000.0