0 0.2 0.4 0.6 0.8 1 1.2 1.4 1.6 1.8 2
2;2 2;3 2;4 3;2 3;3 3;4 4;2 4;3 4;4

25.428 24.449 22.967 22.4735 22.4755 20.9375 20.488 20.46 19.1615 19.23 18.634
100.9485 96.8195 96.6525 92.593 85.223 79.203 78.179 76.104 72.1615 69.304 67.827
282.73 254.6905 237.3645 236.1805 210.209 197.256 186.1535 181.586 175.656 169.58 151.186
91.4065 81.1555 77.7655 73.028 69.1105 69.7575 65.3145 61.175 60.8425 61.0385 59.18
783.973 718.3105 668.36 623.784 596.0425 522.443 512.021 499.397 480.566 489.4555 435.8445
4019.914 3532.5345 3372.2515 3115.94 2807.5465 2556.7575 2318.8655 2157.4675 2110.225 1907.479 1991.1605
216.6025 201.2805 186.017 173.0755 167.856 154.3485 147.851 144.682 140.7875 149.151 141.0415
4765.6005 4150.7965 3618.9875 3437.97 3152.735 3101.8795 2832.897 2474.9765 2448.472 2314.1675 2352.5855
50441.6275 42878.701 38802.0225 31105.3075 29501.4695 29296.359 25132.3695 22461.3445 21379.7855 19913.8835 18080.9425