0 0.2 0.4 0.6 0.8 1 1.2 1.4 1.6 1.8 2
2;2 2;3 2;4 3;2 3;3 3;4 4;2 4;3 4;4

52.5615 49.481 46.154 43.6185 42.9485 42.234 42.657 41.7745 42.714 42.977 44.734
294.081 264.8185 252.2605 234.8035 217.167 211.6665 205.636 201.232 199.3385 197.177 200.575
977.7355 879.7865 782.459 721.6685 675.7955 643.958 606.236 588.387 591.038 569.6315 550.1615
173.344 161.0725 151.28 147.5635 146.777 144.4475 146.8675 146.2625 158.4455 169.8905 180.29
2530.972 2294.3205 2065.795 1941.6565 1832.05 1764.6135 1712.688 1676.406 1737.437 1660.0965 1792.52
16221.0955 15380.156 13703.2215 12697.006 12061.7 10783.736 10258.2495 9952.3755 9320.508 9210.689 8913.5025
407.4225 374.646 367.6945 344.7235 350.3265 341.836 368.6155 379.71 388.043 444.2775 504.418
16139.8015 15225.638 13694.6805 12839.116 11738.7865 11167.157 10855.842 10339.3 10349.684 10781.1985 11316.7955
226936.849 200103.7775 186762.931 171202.1355 151396.6355 146501.0885 133922.3585 124084.9045 118614.228 119688.084 112244.624