0.066 0.075 0.083 0.090 0.095 0.100 0.105 0.109 0.112 0.115 0.118 0.120 0.122 0.123 0.125 0.126 0.128 0.129 0.130 0.130 0.131 0.132 0.132 0.133 0.133 0.133 0.134 0.134 0.134 0.135 0.135 0.135 0.135 0.135 0.136 0.136 0.136 0.136 0.136 0.136 0.136 0.136 0.136 0.136 0.136 0.136 0.136 0.136 0.136 0.136 0.136 0.136 0.137 0.137 0.137 0.137 0.136 0.137 0.136 0.137 0.137 0.137 0.137 0.137 0.137 0.137 0.136 0.137 0.137 0.136 0.136 0.136 0.136 0.136 0.136 0.136 0.136 0.136 0.136 0.137 0.137 0.137 0.137 0.137 0.137 0.137 0.137 0.137 0.137 0.136 0.136 0.136 0.136 0.136 0.136 0.136 0.136 0.136 0.136 0.136
0.062 0.070 0.077 0.083 0.088 0.093 0.097 0.100 0.103 0.106 0.108 0.111 0.113 0.114 0.116 0.117 0.118 0.119 0.120 0.121 0.122 0.122 0.123 0.123 0.124 0.124 0.125 0.125 0.125 0.126 0.126 0.126 0.126 0.126 0.127 0.127 0.127 0.127 0.127 0.127 0.127 0.127 0.127 0.127 0.127 0.127 0.127 0.128 0.128 0.128 0.128 0.128 0.128 0.128 0.127 0.128 0.128 0.128 0.128 0.128 0.128 0.128 0.128 0.128 0.128 0.128 0.128 0.128 0.128 0.128 0.128 0.128 0.128 0.128 0.128 0.128 0.128 0.128 0.128 0.128 0.128 0.128 0.128 0.128 0.128 0.128 0.128 0.128 0.128 0.128 0.128 0.128 0.128 0.128 0.128 0.128 0.128 0.128 0.128 0.128
0.058 0.065 0.071 0.077 0.082 0.086 0.089 0.093 0.096 0.098 0.101 0.103 0.104 0.106 0.108 0.109 0.110 0.111 0.112 0.113 0.114 0.114 0.115 0.115 0.116 0.116 0.117 0.117 0.117 0.118 0.118 0.118 0.118 0.118 0.118 0.119 0.119 0.119 0.119 0.119 0.119 0.119 0.119 0.119 0.119 0.119 0.119 0.120 0.120 0.120 0.119 0.120 0.120 0.120 0.120 0.120 0.120 0.120 0.120 0.120 0.120 0.120 0.120 0.120 0.120 0.120 0.120 0.120 0.120 0.120 0.120 0.120 0.120 0.120 0.120 0.120 0.120 0.120 0.120 0.120 0.120 0.120 0.120 0.120 0.120 0.120 0.120 0.120 0.120 0.120 0.120 0.120 0.120 0.120 0.120 0.120 0.120 0.120 0.120 0.120
0.055 0.061 0.067 0.072 0.076 0.080 0.083 0.086 0.089 0.092 0.094 0.096 0.097 0.099 0.100 0.102 0.103 0.104 0.105 0.106 0.106 0.107 0.108 0.108 0.109 0.109 0.109 0.110 0.110 0.110 0.110 0.111 0.111 0.111 0.111 0.111 0.111 0.111 0.112 0.112 0.112 0.112 0.112 0.112 0.112 0.112 0.113 0.113 0.113 0.113 0.113 0.113 0.113 0.113 0.113 0.113 0.113 0.113 0.113 0.113 0.113 0.113 0.113 0.113 0.113 0.113 0.113 0.113 0.113 0.113 0.113 0.113 0.113 0.113 0.113 0.113 0.113 0.113 0.113 0.113 0.113 0.113 0.113 0.113 0.113 0.113 0.113 0.113 0.113 0.113 0.113 0.113 0.113 0.113 0.113 0.113 0.113 0.113 0.113 0.113
0.052 0.058 0.063 0.067 0.071 0.075 0.078 0.081 0.083 0.086 0.088 0.090 0.091 0.093 0.094 0.095 0.097 0.098 0.098 0.099 0.100 0.101 0.101 0.102 0.102 0.103 0.103 0.103 0.104 0.104 0.104 0.104 0.105 0.105 0.105 0.105 0.105 0.106 0.106 0.106 0.106 0.106 0.106 0.106 0.106 0.106 0.106 0.106 0.107 0.107 0.107 0.107 0.107 0.107 0.107 0.107 0.107 0.107 0.107 0.107 0.107 0.107 0.107 0.107 0.107 0.107 0.107 0.107 0.107 0.107 0.107 0.107 0.107 0.107 0.107 0.107 0.107 0.107 0.107 0.107 0.107 0.107 0.107 0.107 0.107 0.107 0.107 0.107 0.107 0.107 0.107 0.107 0.107 0.107 0.107 0.107 0.107 0.107 0.107 0.107
0.050 0.055 0.059 0.063 0.067 0.070 0.073 0.076 0.078 0.080 0.082 0.084 0.086 0.087 0.088 0.090 0.091 0.092 0.093 0.093 0.094 0.095 0.095 0.096 0.097 0.097 0.097 0.097 0.098 0.098 0.098 0.099 0.099 0.099 0.099 0.099 0.100 0.100 0.100 0.100 0.100 0.100 0.100 0.100 0.100 0.101 0.101 0.101 0.101 0.101 0.101 0.101 0.101 0.101 0.101 0.101 0.101 0.101 0.101 0.101 0.101 0.101 0.101 0.101 0.101 0.101 0.101 0.101 0.101 0.101 0.101 0.101 0.101 0.101 0.101 0.101 0.101 0.101 0.101 0.102 0.101 0.101 0.101 0.101 0.101 0.102 0.102 0.102 0.102 0.102 0.102 0.102 0.102 0.102 0.102 0.101 0.101 0.101 0.101 0.101
0.047 0.052 0.056 0.060 0.063 0.066 0.069 0.071 0.074 0.076 0.078 0.079 0.081 0.082 0.084 0.085 0.086 0.087 0.087 0.088 0.089 0.090 0.090 0.091 0.091 0.092 0.092 0.093 0.093 0.093 0.094 0.094 0.094 0.094 0.095 0.095 0.095 0.095 0.095 0.095 0.095 0.096 0.096 0.096 0.096 0.096 0.096 0.096 0.096 0.096 0.096 0.096 0.096 0.096 0.096 0.096 0.096 0.096 0.096 0.096 0.096 0.096 0.096 0.096 0.096 0.096 0.096 0.096 0.096 0.096 0.096 0.096 0.096 0.096 0.096 0.096 0.096 0.096 0.096 0.096 0.096 0.096 0.096 0.096 0.096 0.096 0.096 0.096 0.096 0.096 0.096 0.096 0.096 0.096 0.096 0.096 0.096 0.097 0.096 0.096
0.045 0.049 0.053 0.056 0.059 0.062 0.065 0.067 0.069 0.071 0.073 0.075 0.076 0.078 0.079 0.080 0.081 0.082 0.083 0.084 0.084 0.085 0.085 0.086 0.087 0.087 0.087 0.088 0.088 0.088 0.089 0.089 0.089 0.089 0.090 0.090 0.090 0.090 0.090 0.091 0.091 0.091 0.091 0.091 0.091 0.091 0.091 0.091 0.091 0.091 0.092 0.092 0.092 0.092 0.092 0.092 0.092 0.092 0.092 0.092 0.092 0.092 0.092 0.092 0.092 0.092 0.092 0.092 0.092 0.092 0.092 0.092 0.092 0.092 0.092 0.092 0.092 0.092 0.092 0.092 0.092 0.092 0.092 0.092 0.092 0.092 0.092 0.092 0.092 0.092 0.092 0.092 0.092 0.092 0.092 0.092 0.092 0.092 0.092 0.092
0.043 0.047 0.050 0.053 0.056 0.059 0.061 0.064 0.066 0.067 0.069 0.071 0.072 0.073 0.074 0.076 0.077 0.077 0.078 0.079 0.080 0.080 0.081 0.082 0.082 0.082 0.083 0.083 0.084 0.084 0.084 0.085 0.085 0.085 0.086 0.086 0.086 0.086 0.086 0.086 0.087 0.087 0.087 0.087 0.087 0.087 0.087 0.087 0.087 0.087 0.087 0.087 0.087 0.087 0.087 0.087 0.087 0.087 0.087 0.087 0.087 0.088 0.088 0.088 0.088 0.088 0.088 0.088 0.088 0.088 0.088 0.088 0.088 0.088 0.088 0.088 0.088 0.088 0.088 0.088 0.088 0.088 0.088 0.088 0.088 0.088 0.088 0.088 0.088 0.088 0.088 0.088 0.088 0.088 0.088 0.088 0.088 0.088 0.088 0.088
0.041 0.045 0.048 0.051 0.053 0.056 0.058 0.060 0.062 0.064 0.065 0.067 0.068 0.070 0.071 0.072 0.073 0.074 0.074 0.075 0.076 0.076 0.077 0.078 0.078 0.079 0.079 0.079 0.080 0.080 0.080 0.081 0.081 0.081 0.081 0.082 0.082 0.082 0.082 0.082 0.082 0.083 0.083 0.083 0.083 0.083 0.083 0.083 0.083 0.083 0.083 0.084 0.084 0.084 0.084 0.084 0.084 0.084 0.084 0.084 0.084 0.084 0.084 0.084 0.084 0.084 0.084 0.084 0.084 0.084 0.084 0.084 0.084 0.084 0.084 0.084 0.084 0.084 0.084 0.084 0.084 0.084 0.084 0.084 0.084 0.084 0.084 0.084 0.084 0.084 0.084 0.084 0.084 0.084 0.084 0.084 0.084 0.084 0.084 0.084
0.040 0.043 0.046 0.048 0.051 0.053 0.055 0.057 0.059 0.061 0.062 0.064 0.065 0.066 0.067 0.068 0.069 0.070 0.071 0.072 0.072 0.073 0.074 0.074 0.075 0.075 0.075 0.076 0.076 0.076 0.077 0.077 0.077 0.078 0.078 0.078 0.078 0.078 0.079 0.079 0.079 0.079 0.079 0.079 0.080 0.080 0.080 0.080 0.080 0.080 0.080 0.080 0.080 0.080 0.080 0.080 0.080 0.080 0.080 0.080 0.080 0.080 0.080 0.080 0.080 0.080 0.080 0.081 0.080 0.081 0.081 0.081 0.081 0.081 0.081 0.081 0.081 0.081 0.081 0.081 0.081 0.081 0.081 0.081 0.081 0.081 0.081 0.081 0.081 0.081 0.081 0.081 0.081 0.081 0.081 0.081 0.081 0.081 0.081 0.081
0.038 0.041 0.044 0.046 0.049 0.051 0.053 0.054 0.056 0.058 0.059 0.061 0.062 0.063 0.064 0.065 0.066 0.067 0.068 0.068 0.069 0.070 0.070 0.071 0.071 0.072 0.072 0.073 0.073 0.073 0.074 0.074 0.074 0.074 0.075 0.075 0.075 0.075 0.075 0.076 0.076 0.076 0.076 0.076 0.076 0.076 0.076 0.076 0.076 0.077 0.077 0.077 0.077 0.077 0.077 0.077 0.077 0.077 0.077 0.077 0.077 0.077 0.077 0.077 0.077 0.077 0.077 0.077 0.077 0.077 0.077 0.077 0.077 0.077 0.077 0.077 0.077 0.077 0.077 0.077 0.077 0.078 0.077 0.078 0.077 0.078 0.077 0.078 0.078 0.078 0.078 0.078 0.078 0.078 0.078 0.078 0.078 0.077 0.078 0.078
0.037 0.039 0.042 0.044 0.046 0.048 0.050 0.052 0.054 0.055 0.057 0.058 0.059 0.060 0.061 0.062 0.063 0.064 0.065 0.065 0.066 0.067 0.067 0.068 0.068 0.069 0.069 0.070 0.070 0.070 0.071 0.071 0.071 0.071 0.071 0.072 0.072 0.072 0.072 0.072 0.073 0.073 0.073 0.073 0.073 0.073 0.073 0.073 0.073 0.074 0.074 0.074 0.074 0.074 0.074 0.074 0.074 0.074 0.074 0.074 0.074 0.074 0.074 0.074 0.074 0.074 0.074 0.074 0.074 0.074 0.074 0.074 0.075 0.075 0.075 0.075 0.075 0.075 0.075 0.075 0.075 0.075 0.075 0.075 0.075 0.075 0.075 0.075 0.075 0.075 0.075 0.075 0.075 0.075 0.075 0.075 0.075 0.075 0.075 0.075
0.035 0.038 0.040 0.042 0.044 0.046 0.048 0.050 0.051 0.053 0.054 0.055 0.056 0.057 0.058 0.059 0.060 0.061 0.062 0.062 0.063 0.064 0.064 0.065 0.065 0.066 0.066 0.066 0.067 0.067 0.068 0.068 0.068 0.068 0.069 0.069 0.069 0.069 0.069 0.069 0.070 0.070 0.070 0.070 0.070 0.070 0.070 0.071 0.071 0.071 0.071 0.071 0.071 0.071 0.071 0.071 0.071 0.071 0.071 0.071 0.071 0.071 0.071 0.071 0.071 0.072 0.072 0.072 0.072 0.072 0.072 0.072 0.072 0.072 0.072 0.072 0.072 0.072 0.072 0.072 0.072 0.072 0.072 0.072 0.072 0.072 0.072 0.072 0.072 0.072 0.072 0.072 0.072 0.072 0.072 0.072 0.072 0.072 0.072 0.072
0.034 0.036 0.039 0.041 0.043 0.044 0.046 0.048 0.049 0.050 0.052 0.053 0.054 0.055 0.056 0.057 0.058 0.058 0.059 0.060 0.060 0.061 0.062 0.062 0.063 0.063 0.063 0.064 0.064 0.064 0.065 0.065 0.065 0.066 0.066 0.066 0.066 0.067 0.067 0.067 0.067 0.067 0.067 0.067 0.068 0.068 0.068 0.068 0.068 0.068 0.068 0.068 0.068 0.068 0.068 0.068 0.069 0.069 0.069 0.069 0.069 0.069 0.069 0.069 0.069 0.069 0.069 0.069 0.069 0.069 0.069 0.069 0.069 0.069 0.069 0.069 0.069 0.069 0.069 0.069 0.069 0.069 0.069 0.069 0.069 0.069 0.069 0.069 0.069 0.069 0.069 0.069 0.069 0.069 0.069 0.069 0.069 0.069 0.069 0.069
0.033 0.035 0.037 0.039 0.041 0.043 0.044 0.046 0.047 0.048 0.049 0.051 0.052 0.053 0.054 0.054 0.055 0.056 0.057 0.057 0.058 0.059 0.059 0.060 0.060 0.060 0.061 0.061 0.062 0.062 0.062 0.063 0.063 0.063 0.063 0.064 0.064 0.064 0.064 0.064 0.065 0.065 0.065 0.065 0.065 0.065 0.065 0.065 0.066 0.066 0.066 0.066 0.066 0.066 0.066 0.066 0.066 0.066 0.066 0.066 0.067 0.067 0.067 0.067 0.067 0.067 0.067 0.067 0.067 0.067 0.067 0.067 0.067 0.067 0.067 0.067 0.067 0.067 0.067 0.067 0.067 0.067 0.067 0.067 0.067 0.067 0.067 0.067 0.067 0.067 0.067 0.067 0.067 0.067 0.067 0.067 0.067 0.067 0.067 0.067
0.0 1.0 2.0 3.0 4.0 5.0 6.0 7.0 8.0 9.0 10.0 11.0 12.0 13.0 14.0 15.0 16.0 17.0 18.0 19.0 20.0 21.0 22.0 23.0 24.0 25.0 26.0 27.0 28.0 29.0 30.0 31.0 32.0 33.0 34.0 35.0 36.0 37.0 38.0 39.0 40.0 41.0 42.0 43.0 44.0 45.0 46.0 47.0 48.0 49.0 50.0 51.0 52.0 53.0 54.0 55.0 56.0 57.0 58.0 59.0 60.0 61.0 62.0 63.0 64.0 65.0 66.0 67.0 68.0 69.0 70.0 71.0 72.0 73.0 74.0 75.0 76.0 77.0 78.0 79.0 80.0 81.0 82.0 83.0 84.0 85.0 86.0 87.0 88.0 89.0 90.0 91.0 92.0 93.0 94.0 95.0 96.0 97.0 98.0 99.0
