0.0 0.2 0.4 0.6 0.8 1.0 1.2 1.4 1.6 1.8 2.0 2.2 2.4 2.6 2.8 3.0 3.2 3.4 3.6 3.8 4.0 4.2 4.4 4.6 4.8 5.0
5 6 7 8 9 10 11 12 13 14 15 16 17 18 19 20 21 22 23 24 25 26 27 28 29 30

41.1235 34.572 34.2965 35.282 31.474 33.561 34.2355 32.5745 35.148 30.1705 30.117 32.833 31.295 28.257 33.8685 44.0065 35.912 45.804 45.1775 47.8345 57.011 45.5125 89.022 87.731 101.989 72.833
66.888 62.6765 62.356 62.7825 57.761 55.0115 56.287 51.132 57.472 50.0735 55.9395 53.312 51.332 58.3515 66.3035 73.2505 73.533 74.744 78.7015 114.62 112.858 86.3715 123.714 98.646 152.4075 183.344
108.5945 105.671 93.3775 89.365 88.77 84.097 82.7305 75.748 89.9055 89.6155 89.0785 99.7665 99.5135 110.4095 114.896 119.004 121.488 135.3275 144.466 188.6275 167.8885 253.493 234.4905 246.5445 326.5225 388.696
161.144 140.385 141.269 138.8565 117.5405 116.496 124.6215 134.4 117.5 121.546 132.329 135.523 159.623 144.0185 205.7805 189.3835 186.101 209.9175 246.9295 258.8615 354.8895 346.351 399.379 409.5275 563.624 779.0075
213.413 193.244 177.762 177.666 169.85 167.459 176.6695 169.0855 175.029 181.951 182.8015 180.854 198.336 228.3965 239.9215 229.8955 290.4955 293.608 338.9065 380.075 479.5635 562.5215 624.2595 903.31 892.9055 1033.103
289.931 255.5715 257.782 235.11 243.554 230.6855 209.9895 220.1075 225.066 234.374 219.9175 246.821 267.9695 286.145 293.4535 373.2685 395.2905 450.14 502.8305 573.5235 764.7665 787.176 1134.6015 1126.171 1233.4855 2249.959
376.673 322.6735 315.8605 317.5835 281.5365 300.733 286.4675 281.982 280.751 307.5275 325.7855 381.4035 383.198 422.4855 389.24 519.0615 590.653 773.3215 771.917 744.807 1080.478 1403.77 1362.0565 1847.3335 2811.6935 2381.8855
468.7985 442.427 408.76 379.3765 386.302 380.143 366.6085 362.074 385.802 372.315 394.139 433.94 476.4925 505.479 615.967 542.7875 719.3285 856.2135 908.2775 1415.769 1167.919 1660.3085 1835.312 2118.589 3099.8855 3898.7055
580.954 523.797 480.696 469.1275 450.8775 440.932 445.485 445.934 447.06 451.1495 465.434 547.6995 570.6925 694.4935 638.7845 759.518 851.3385 1005.6245 1159.8195 1633.983 1880.745 2196.7565 2525.1415 2948.1055 4226.9945 6031.906
669.663 620.605 575.2655 573.724 566.4485 556.294 565.857 554.296 600.707 570.9905 591.68 659.0695 709.0715 831.923 879.386 995.4315 1146.2805 1302.2705 1579.3805 2036.647 2505.042 2843.516 3378.1925 4355.614 5872.6755 7293.237
827.7105 755.8595 741.474 671.701 641.032 653.4595 651.032 629.079 650.4665 716.044 741.6965 763.235 840.5895 960.866 1149.679 1267.837 1599.594 1423.265 2007.072 2303.851 3239.6165 4395.944 5326.127 7821.891 7200.171 11230.605
943.003 876.2025 808.5625 767.22 786.7145 762.2115 768.8765 760.7565 817.505 862.5375 868.5655 946.9135 970.308 1114.5715 1299.757 1434.5785 1940.2555 2270.9125 2275.717 3212.823 3861.6565 4826.3355 5461.303 7602.312 8416.489 8995.3995
1136.5205 1012.9355 956.0395 954.1065 899.548 867.667 927.565 923.5705 960.0065 1049.031 1114.588 1157.4635 1204.6735 1415.319 1384.1605 1838.3955 2011.2885 2514.5875 2984.31 3567.1595 4288.2265 5378.1755 6677.06 10310.711 12157.573 14663.17
1254.1135 1165.1 1121.524 1090.4745 1062.4925 1052.3775 1087.908 1041.4455 1111.205 1078.945 1220.448 1300.7905 1523.5935 1659.7875 1874.6305 2425.419 2473.8095 3164.0465 3656.4665 4001.0595 4789.5485 6578.0545 10107.736 10599.416 12798.92 16545.733
1474.866 1357.686 1323.3525 1229.4665 1252.6645 1166.347 1133.0275 1214.8845 1228.3915 1385.4415 1366.3855 1571.5865 1685.3005 1797.385 2058.087 2584.406 3080.332 3716.2105 4181.028 4541.9905 5852.804 7916.896 11815.686 12251.6825 16485.0055 22946.2235
1651.4235 1584.591 1500.718 1365.842 1334.1155 1376.7545 1309.2255 1458.256 1407.8605 1417.6775 1646.578 1704.6855 1749.98 2128.658 2406.114 2770.2245 3437.6135 3943.002 4806.898 5707.4035 7051.3935 9118.863 10558.086 15157.5495 20815.8695 21084.8915
1928.646 1797.719 1670.2385 1637.7655 1530.089 1537.838 1533.2675 1477.9405 1642.2975 1697.6755 1751.522 1893.9675 2152.431 2408.2265 2620.612 2914.9135 3828.7445 4184.7735 5945.623 6800.0935 9155.6755 9593.0 11598.201 17313.041 22719.345 23058.3315
2123.78 2006.143 1770.8445 1846.718 1691.177 1696.429 1692.8355 1729.4735 1746.2985 1965.7385 2055.693 2109.1435 2412.6395 2883.7965 3060.799 3330.683 4488.6515 5483.658 5929.44 6568.287 8545.654 11056.8175 13954.796 21617.9605 23115.504 29018.375
2346.0135 2147.314 2123.0915 2046.022 1898.155 1848.4525 1864.3525 1899.9495 2047.716 2082.5455 2139.0115 2556.8355 2885.2465 3286.466 3634.018 4315.517 4807.8755 6384.0495 7319.863 8868.3425 11525.953 15010.89 15657.5695 24591.9845 29834.1025 39986.8995
2585.9295 2430.8585 2305.0275 2198.4215 2157.9785 2122.605 2258.4545 2197.771 2188.809 2375.527 2474.1955 2811.901 2944.955 3599.231 4638.549 3919.7215 5742.5565 7073.161 7618.853 9294.4575 10094.291 14059.3175 18979.1605 27367.3015 35146.101 39746.6525
2898.212 2801.562 2658.537 2453.44 2383.1225 2409.698 2485.018 2524.958 2611.7895 2795.885 2879.121 3070.3665 3458.822 3786.98 4030.804 5164.533 6054.2625 6737.6765 8775.0335 10616.624 14249.637 17291.422 19350.792 28311.564 40076.0285 56281.608
3169.82 3059.1395 2870.1035 2766.5995 2610.34 2570.718 2611.088 2519.6345 2708.048 2972.83 3188.6 3289.2655 3791.0855 4724.6755 5104.8175 5994.101 7419.708 8828.0885 9732.5445 11720.869 14397.8995 17111.7945 23112.735 31473.806 42694.759 50020.772
3568.549 3199.375 3125.3575 3009.23 2827.1195 2833.572 2767.06 2947.024 3286.7175 3091.405 3410.8705 3813.905 4366.3315 4888.5845 5144.145 6263.4355 6376.85 8620.5855 12589.4335 12894.3875 19612.981 20522.7755 23616.2885 36925.2975 41627.8955 87491.4955
3980.642 3560.9315 3347.0135 3161.3185 3174.0565 3288.7985 3253.424 3347.04 3448.719 3707.6115 3632.9835 4028.17 4834.329 5024.57 6910.6625 6944.3325 8873.5445 9514.3435 11984.567 16473.8905 17286.312 23051.1985 27996.499 37159.613 54584.516 63993.336
4279.946 3770.451 3710.1225 3344.6155 3360.0105 3210.3325 3551.416 3298.4635 3667.698 3693.771 4283.1855 4943.638 4858.3975 5649.7255 7028.1995 8349.992 9307.426 10812.033 13121.0975 14838.3095 20073.744 26293.385 34915.67 42469.91 69007.961 68343.848
4658.413 4436.0105 4001.737 3923.1795 3781.9185 3793.9335 3715.4385 3703.4605 3836.057 3796.377 4571.677 5038.2685 5246.6325 5728.1435 7025.1505 8248.421 9641.9565 10950.823 15746.4665 18208.0935 22523.88 32124.878 39579.9375 46870.6485 59051.8125 73458.5525