0.0 0.2 0.4 0.6 0.8 1.0 1.2 1.4 1.6 1.8 2.0 2.2 2.4 2.6 2.8 3.0 3.2 3.4 3.6 3.8 4.0 4.2 4.4 4.6 4.8 5.0
5 6 7 8 9 10 11 12 13 14 15 16 17 18 19 20 21 22 23 24 25 26 27 28 29 30

19.354 17.669 17.3215 16.606 16.856 16.33 15.8575 14.0225 15.1005 14.8585 14.498 13.7915 12.923 12.929 12.5485 13.102 14.4855 16.178 13.888 13.525 15.705 21.3345 20.365 15.915 17.417 21.238
31.6925 32.5835 28.3155 27.5615 26.752 25.7015 26.307 21.94 22.8015 21.9335 22.145 25.146 27.192 26.126 22.418 22.393 21.345 23.78 22.583 25.073 25.035 26.782 30.7955 35.9865 52.097 37.4315
46.1845 50.3275 39.896 44.6135 36.9085 37.939 36.4315 38.4835 32.6225 34.7805 30.463 35.4045 35.3585 32.0265 38.876 33.3445 37.43 35.9695 40.019 41.6115 62.7245 38.756 47.6095 99.467 78.724 144.3275
64.381 59.283 61.144 51.5155 56.09 50.495 49.4855 53.654 48.05 53.6745 43.6215 43.637 47.9355 41.596 50.015 57.7255 55.0105 59.129 61.35 68.462 65.0655 72.3235 83.64 126.086 91.8875 82.8805
96.5125 90.008 82.5485 82.311 79.4625 76.432 62.2285 67.971 68.5925 72.677 58.364 59.772 58.6765 59.6695 66.67 68.9585 70.8625 68.959 85.649 125.6015 194.6385 196.381 173.437 196.557 135.817 175.13
110.1355 112.654 108.2075 93.876 92.549 95.3965 85.943 83.955 84.9745 80.0615 87.7985 82.6625 86.7075 88.0155 85.848 88.102 83.0915 86.6935 165.98 135.5475 112.2405 132.029 144.2735 187.1595 236.0455 271.216
155.848 147.1595 137.0005 131.8725 123.2095 123.3845 109.2365 115.5 115.038 103.434 104.202 103.061 103.322 104.27 101.4355 116.0425 147.04 155.628 142.046 148.697 207.2895 176.659 284.2905 222.928 378.841 667.4935
189.946 179.4605 172.326 158.2855 153.2455 143.3955 131.941 138.09 140.741 126.2105 118.753 132.995 118.309 131.596 147.1085 130.2655 131.5845 131.3745 176.6155 211.6035 200.956 337.858 240.0195 416.578 383.3155 518.805
217.754 214.6315 199.633 200.5105 170.049 171.097 156.704 166.012 146.0235 148.08 158.997 123.377 155.625 159.058 163.936 203.902 200.1195 184.7275 276.8625 248.7995 379.735 415.936 707.926 431.319 389.7495 1132.4045
279.0645 257.556 243.038 225.375 207.3315 205.6315 195.611 194.0435 199.3835 171.244 181.204 187.994 203.917 207.682 197.5965 218.891 251.951 254.824 342.4775 296.304 378.3845 408.771 269.1725 712.193 593.459 1393.4795
308.673 295.7335 255.552 265.268 237.5755 236.234 215.036 199.058 207.963 199.9745 207.975 216.586 194.031 244.7115 229.582 221.2755 322.8615 364.882 337.852 328.8615 322.4255 500.9665 578.0775 735.491 1294.314 780.4695
381.649 318.3755 341.5115 311.6965 286.5915 278.4985 268.087 263.8145 251.288 234.41 251.1495 216.2 229.0565 208.695 297.151 329.3805 333.3045 361.989 324.716 439.7425 693.466 544.5115 921.1565 863.417 1479.8005 1356.5335
435.91 406.0215 363.276 336.536 322.827 305.6655 295.008 278.9395 286.8865 305.2675 302.3535 263.8195 285.4905 332.8735 289.9675 322.1925 412.6855 419.715 549.5555 570.37 375.115 697.565 1548.658 1210.8735 2058.974 3775.991
506.6415 442.319 453.3845 379.5205 376.819 364.23 324.1985 325.1395 292.834 273.706 283.277 290.069 312.7925 310.4395 376.958 401.061 374.4985 487.6335 611.9065 561.398 807.025 1085.218 1189.3575 1407.9485 1622.9255 4307.1955
584.254 517.8005 476.0695 450.0255 422.3945 386.313 357.4075 369.876 333.6975 376.532 386.072 396.446 398.6685 386.539 439.057 416.3115 626.864 707.3595 589.0505 937.1085 940.6265 865.4175 932.008 2108.753 2237.302 2980.258
640.6375 599.7745 533.2375 492.9355 461.555 451.1935 413.87 385.1105 402.4925 390.9465 384.925 396.8785 467.53 421.1055 426.4845 414.036 753.573 690.899 711.894 1259.6235 950.6135 774.105 1183.349 1887.845 1761.151 3330.9465
681.288 673.3675 637.231 544.352 517.0985 508.927 451.5315 471.036 422.328 465.0735 427.1325 443.485 466.837 430.01 587.624 601.073 609.415 674.0885 1051.9005 812.7005 1065.8595 1334.0035 1527.1505 1700.2525 3104.1965 2386.462
703.594 707.054 671.8735 627.9485 588.166 525.194 518.491 514.4545 524.268 476.337 486.918 485.89 504.082 582.0375 550.838 490.901 736.0355 772.465 1077.492 1402.305 1199.327 1604.6685 1487.314 2090.0025 2995.8825 5436.5405
904.74 828.844 710.0485 632.3415 647.9735 612.222 596.3245 560.1515 518.931 518.538 585.032 599.3485 572.8675 616.4515 652.728 541.1 731.3705 755.6395 793.3675 1229.6495 1144.011 1606.7515 1613.0655 2196.242 3751.759 3886.464
964.0815 914.8365 818.387 735.8085 704.954 681.6245 612.0795 639.0685 615.946 592.7105 616.2275 581.749 590.9245 647.513 652.034 807.3615 799.157 822.853 1122.3435 1501.3335 1161.7905 1584.0175 3216.182 3322.3565 4263.661 6078.5135
1076.9265 983.903 896.119 822.6155 773.999 698.4095 656.3925 684.6805 632.431 659.766 600.5245 684.152 630.163 844.089 722.097 868.2635 1136.0345 983.0265 956.51 1009.5055 1396.075 2015.8245 2115.694 3117.7965 4195.1565 5883.1665
1244.023 1079.1225 994.6255 913.9855 824.031 797.25 767.218 712.105 716.672 793.6445 664.811 778.4205 808.061 740.0345 890.4425 798.353 905.3555 1312.533 1585.6045 1441.138 1799.49 2403.681 2928.9595 6075.5265 7213.9075 6262.0125
1329.273 1116.2775 989.106 944.353 949.576 839.635 861.003 791.404 773.79 885.74 761.609 924.754 869.006 844.117 1223.802 843.2735 1006.4485 1363.8625 1683.906 2053.3815 1744.135 2368.4235 3338.5505 5018.5225 4364.471 10456.597
1383.6455 1271.21 1136.1675 1124.573 999.935 1055.8365 837.935 800.5665 901.77 725.091 867.1875 825.5635 782.7225 782.6105 938.624 1032.885 1019.3175 995.744 1787.33 1580.902 3148.265 3937.3065 3081.5915 6202.282 4060.323 6538.4165
1466.9375 1343.9535 1245.581 1205.3065 1003.1185 1063.8945 923.412 987.786 910.617 924.0275 906.463 1065.4355 970.4385 1014.454 1094.8955 1424.832 1351.4495 1770.901 1430.3015 1453.5205 1943.9965 3767.5285 4459.2635 7015.5675 5109.364 13141.206
1638.424 1539.7325 1359.8185 1242.341 1168.0715 1030.4975 1043.624 1073.0635 980.99 955.4325 1010.4365 1049.7505 1019.552 1015.4605 1326.198 1086.3305 1423.814 1730.425 1285.18 2466.641 4019.052 2453.283 5782.32 5317.8295 5478.4975 9898.935