0.0 0.2 0.4 0.6 0.8 1.0 1.2 1.4 1.6 1.8 2.0 2.2 2.4 2.6 2.8 3.0 3.2 3.4 3.6 3.8 4.0 4.2 4.4 4.6 4.8 5.0
5 6 7 8 9 10 11 12 13 14 15 16 17 18 19 20 21 22 23 24 25 26 27 28 29 30

16.631 13.701 14.2835 12.736 13.5695 13.784 10.8625 12.278 12.737 12.1435 11.285 12.264 8.371 10.7315 10.533 11.552 9.7705 8.9945 9.471 10.0325 8.8215 8.305 8.6565 9.005 8.265 8.3955
28.166 25.749 26.623 23.2725 21.955 20.333 19.3815 19.5105 19.026 17.771 18.195 19.3925 17.061 14.899 15.238 15.502 15.9585 15.6085 14.931 13.6345 14.0535 13.798 13.494 12.824 13.285 12.7665
37.655 40.393 37.5555 33.109 32.7275 32.5405 30.1245 28.56 27.888 28.4585 24.819 28.711 24.802 25.128 21.7125 21.6425 21.3225 20.5455 19.068 21.1655 19.2935 18.9435 17.878 18.4175 18.373 18.1725
50.883 52.505 49.732 48.878 43.272 44.7525 43.217 39.1715 36.577 35.895 30.589 33.592 31.999 32.9185 30.032 29.4415 26.3055 28.402 27.18 25.0745 25.8455 23.747 26.3955 25.2515 23.6835 24.1115
71.237 71.8565 70.224 57.8805 54.8715 51.1285 56.4415 52.255 46.683 47.149 46.2265 42.4385 43.7455 36.798 40.479 37.6875 35.145 35.488 34.2825 32.621 31.341 30.3635 32.789 31.868 30.447 28.7175
98.13 95.592 91.3155 79.0465 73.89 66.506 65.7835 62.0405 61.551 59.699 54.3235 52.7445 51.2495 50.1145 52.935 45.5065 46.3435 45.1485 43.214 41.7395 40.1535 41.5085 38.8615 37.545 37.646 36.7055
135.518 110.2485 113.844 104.973 93.4245 92.357 82.5945 79.687 75.577 72.05 67.747 63.0145 63.5485 56.233 59.144 57.281 56.703 53.294 50.9245 46.2285 46.4935 45.2405 44.6185 45.025 45.2345 42.2245
148.1165 141.3195 126.5625 114.8755 111.354 103.9455 105.5275 97.5765 99.2235 84.036 78.755 75.5645 78.043 64.552 72.117 72.1815 66.009 57.965 60.1475 59.057 57.59 53.997 54.6715 51.064 51.793 52.4045
187.336 158.9275 154.3105 152.0155 145.154 132.982 116.94 112.4245 100.2955 111.974 97.907 91.138 88.3285 83.35 81.857 77.603 74.3235 70.2755 67.5925 65.193 66.797 62.6015 66.3375 61.944 60.487 57.054
226.207 203.512 169.3045 178.481 171.562 142.9875 139.766 136.0755 130.9055 119.7215 108.1465 116.7135 100.1885 89.686 99.0105 95.5745 87.1855 92.0515 80.8135 74.381 73.3545 70.2805 67.932 67.893 73.048 66.7955
247.866 227.1435 214.2125 195.8825 183.533 158.2855 151.045 154.244 144.209 132.96 135.1885 118.5445 117.47 115.1145 107.2755 103.8365 95.8455 98.136 89.9755 93.6805 84.9105 79.887 77.5585 81.8755 81.8415 78.35
277.6225 267.7245 254.219 229.7885 217.922 202.793 185.6855 170.638 171.2535 153.967 148.2675 139.451 128.749 123.907 117.143 110.5435 110.8555 109.874 104.3675 96.5865 94.7275 93.884 89.846 88.7745 86.2015 85.1665
310.0815 311.709 285.5285 256.81 249.464 226.0025 214.8735 192.7825 176.8955 179.923 168.5135 155.0565 149.056 134.6085 139.2175 129.6795 126.495 112.941 114.722 110.8325 111.2415 104.231 100.6215 97.7485 95.8785 91.0915
372.174 333.3415 323.4175 288.6405 273.281 263.027 245.9165 223.1025 208.606 190.295 185.3185 176.415 166.779 150.0925 154.5945 145.021 132.841 126.8745 128.389 119.5075 116.15 112.444 113.8565 105.9195 103.6365 99.6335
406.3945 398.9175 351.7035 324.5605 290.984 269.457 256.1255 240.436 237.4645 211.9615 203.5645 199.4375 181.319 183.7455 165.283 160.4855 156.363 140.3545 143.344 137.6715 129.749 125.875 126.504 116.715 114.255 110.9525
451.1985 437.3505 413.651 369.844 343.756 316.7835 282.819 272.3225 258.111 238.0995 220.9465 211.7475 210.2415 190.43 190.1595 180.8665 162.963 156.508 148.5635 146.1155 135.5155 127.5585 136.4985 130.2855 130.9675 124.9725
546.455 489.9775 438.452 401.2015 366.48 353.985 328.1095 296.033 285.427 258.2575 246.875 232.4495 221.544 206.95 198.7885 190.99 172.812 166.09 172.6135 161.385 152.768 148.277 147.984 136.774 138.797 130.7135
596.508 583.8875 510.1215 442.053 393.754 384.5985 343.2515 334.961 310.534 275.6115 273.3305 252.4955 239.8965 225.1565 219.5895 204.842 198.541 190.667 182.3845 173.0315 163.39 169.731 161.2395 158.7865 149.6505 143.7005
655.871 599.6275 557.6425 496.626 460.1395 433.351 397.952 360.4285 347.732 313.6955 292.5725 264.4855 251.0405 250.9745 241.7735 219.559 214.848 204.085 196.8145 186.404 183.0245 169.867 165.979 167.949 157.993 154.905
725.8695 653.31 605.4385 556.0115 499.57 451.196 415.0785 396.759 357.926 336.936 321.3575 304.797 295.04 270.423 251.505 249.2835 227.863 216.907 212.7065 202.2755 191.372 196.0015 178.313 178.4845 168.8155 164.245
779.538 707.035 658.087 605.057 552.251 506.216 486.4015 433.454 389.892 384.726 336.0305 313.296 301.031 284.4315 275.8205 267.807 249.053 236.4095 227.5575 216.2675 211.139 197.623 197.801 191.9695 179.42 177.6275
882.71 792.953 740.529 647.552 575.645 556.8765 517.324 462.05 423.5705 399.4805 378.8335 347.7815 337.131 323.8695 297.864 278.8545 261.03 250.8665 241.134 228.8705 224.2145 213.6315 212.6125 206.0295 189.976 198.072
963.6815 849.911 779.8615 712.932 666.273 598.545 533.516 488.684 473.075 431.6515 404.883 370.9325 353.9545 340.087 324.2125 296.699 282.016 271.6675 258.746 249.0615 230.4515 238.5035 225.714 210.318 206.9675 208.3175
1047.148 942.265 857.72 750.918 673.7405 649.103 569.185 560.8825 499.0395 460.197 422.5895 402.9705 385.9205 361.66 333.837 318.597 301.9985 289.687 270.6725 254.1005 248.338 250.275 236.808 226.3165 226.2285 216.6405
1085.508 983.126 920.4825 787.2245 727.5595 689.4525 641.36 571.3885 515.4965 484.276 456.0385 441.7745 421.3905 375.1315 358.672 340.3095 343.252 296.769 297.1505 282.314 263.6545 263.4675 243.8805 244.2025 232.974 231.558
1222.3705 1026.3505 998.9795 933.654 817.935 768.1885 675.8625 623.576 604.6165 527.327 491.3295 476.98 437.4115 412.943 382.947 359.2385 340.4235 314.9205 309.385 290.485 288.9795 270.5625 267.614 254.362 249.856 238.104