0.0 0.2 0.4 0.6 0.8 1.0 1.2 1.4 1.6 1.8 2.0 2.2 2.4 2.6 2.8 3.0 3.2 3.4 3.6 3.8 4.0 4.2 4.4 4.6 4.8 5.0
5 6 7 8 9 10 11 12 13 14 15 16 17 18 19 20 21 22 23 24 25 26 27 28 29 30

35.6115 31.923 31.091 28.3615 26.549 27.332 23.9835 33.329 26.774 26.6855 25.8025 23.9315 27.295 28.431 26.462 30.0195 40.826 38.3855 39.415 44.0335 40.414 45.264 60.7935 72.0375 93.4395 71.345
61.9465 56.7905 51.3695 52.056 44.928 51.2725 50.0765 43.305 40.1205 43.095 45.4735 46.9485 49.215 55.635 46.799 64.948 46.049 73.938 74.201 87.125 111.228 80.0705 120.0335 115.365 172.4985 152.901
88.6745 85.387 79.93 80.594 72.2335 63.8905 68.0375 68.8755 66.5725 79.3815 83.54 83.638 92.217 76.246 82.708 97.6275 95.2715 120.744 139.1085 132.6435 166.282 185.7425 185.624 224.719 292.203 285.2995
132.0955 117.245 121.909 113.6165 106.615 105.963 105.3025 104.256 92.5145 106.8515 110.514 104.0 126.1125 119.3085 134.265 151.5475 178.9925 216.6265 175.921 211.848 306.615 237.9795 330.984 526.9385 450.0465 719.9045
178.7755 169.4865 160.3075 144.628 134.7445 146.7645 135.8665 138.3265 133.946 140.975 147.555 170.142 156.878 175.8715 173.815 211.995 249.5935 281.913 314.1975 366.5365 396.6285 478.007 559.313 705.186 757.184 1098.265
236.7105 221.514 197.3965 193.5445 194.025 186.5175 181.405 184.0065 192.9525 180.7595 213.641 227.754 217.09 244.87 277.5645 239.2285 340.1475 349.4295 434.547 428.915 550.059 574.093 782.33 865.8075 922.2325 1320.802
305.2855 284.257 258.6795 257.3665 236.9155 241.8505 250.7175 237.2145 227.1835 263.3235 261.7335 301.426 301.34 336.5745 376.1545 365.6915 470.5855 458.009 560.5865 702.2575 860.9535 794.5245 1274.746 1172.849 1817.9305 2777.0665
380.208 348.106 329.6945 316.9315 309.808 302.066 311.0895 309.47 303.127 306.3155 339.259 336.5405 342.3605 389.7475 456.046 532.978 585.5285 685.449 887.381 922.3845 1039.531 1276.9205 1530.8425 1992.2935 2444.67 3451.543
475.9255 433.999 413.5815 393.5535 365.694 371.1255 371.576 365.13 386.312 394.13 385.7745 459.3825 412.76 575.324 638.218 569.0055 633.0715 869.5495 1007.843 922.9995 1623.2055 1385.822 1798.811 2433.95 3257.604 3517.4195
573.5955 523.2105 484.713 475.6005 441.547 456.148 447.57 457.8475 431.63 491.939 470.347 548.4005 548.5105 585.9195 608.9455 784.28 916.898 986.543 1087.8915 1348.4885 1962.9415 2050.6555 2644.987 2767.239 4204.396 6177.438
678.701 616.063 580.37 554.1055 545.362 531.0075 516.5965 588.621 555.8615 535.089 553.0435 656.0325 722.862 746.8965 919.121 984.093 995.777 1418.13 1376.4545 2234.4465 2476.554 2697.023 3708.2495 4559.3935 6151.8935 6948.683
801.469 736.002 686.6195 674.093 643.29 612.82 615.36 610.6025 645.213 631.347 684.715 759.6525 935.2625 909.253 1031.9395 1071.985 1279.215 1561.0715 1933.262 2108.2985 3532.174 3510.843 3947.901 4754.1285 7181.0545 8550.001
911.5225 848.6435 829.543 754.1555 762.715 752.9725 740.662 730.7325 741.0635 796.056 779.4605 882.2385 979.197 1076.629 1094.7025 1320.4475 1582.278 1853.5955 2258.9975 2941.5425 3362.728 4062.9235 4937.2245 5250.475 8306.775 9533.507
1088.7095 993.6025 920.553 861.289 837.005 790.3835 848.66 926.3115 868.471 921.113 912.377 991.9595 1075.431 1215.943 1472.8725 1471.887 1739.433 2109.547 2817.928 3996.003 3687.6835 5458.174 6476.544 9005.958 8745.9785 12246.767
1206.887 1113.4045 1049.898 995.145 999.215 1005.1515 957.5055 937.256 938.356 1039.6275 1158.1825 1065.3815 1396.221 1438.3335 1749.497 2082.493 1919.147 2639.994 2476.6625 3863.975 3874.869 5660.2005 7158.1915 9561.2205 12733.487 16315.963
1329.7 1297.561 1175.4375 1155.905 1136.386 1040.1015 1130.0485 1096.4605 1142.8355 1104.1615 1341.499 1369.5735 1498.4565 1604.134 1708.7015 2261.0245 2779.152 2929.731 3608.563 3505.9945 4826.717 7417.276 8643.1445 12122.663 13306.8505 20376.7395
1557.958 1425.0315 1314.586 1268.8165 1251.473 1198.065 1216.355 1266.563 1241.4595 1390.086 1433.0315 1578.9945 1593.651 1830.701 2397.919 2699.198 2991.5045 3155.595 3802.181 4470.688 6671.07 8324.278 11240.1295 12443.828 15931.46 21073.184
1783.267 1619.135 1521.713 1541.9995 1473.755 1368.502 1454.4135 1370.6725 1418.951 1416.524 1724.317 1830.924 2112.951 1953.5025 2576.1015 2709.121 2880.357 4328.0205 4829.6695 5442.2055 8625.476 8668.1775 13393.0075 14709.689 17723.8535 27212.3975
1939.6855 1815.928 1699.072 1687.518 1567.329 1450.042 1513.588 1522.1975 1663.479 1598.2095 1859.979 2022.491 2067.463 2695.2585 2940.338 3289.442 3984.406 4788.79 5635.256 7705.575 9647.2325 8490.8525 14118.0585 16902.553 21000.2305 29043.5145
2208.7575 2035.0415 1874.676 1846.859 1784.1825 1715.5025 1772.28 1846.324 1806.7005 1728.5805 2165.4225 2205.1895 2330.751 2850.633 3218.607 3894.7645 3887.938 4418.5235 5337.8915 6637.6685 10635.1225 10756.1935 14766.328 13875.239 23291.2955 34538.312
2449.8375 2217.923 2130.5825 1908.6305 1919.5885 1866.14 1863.89 1965.425 2077.252 2113.941 2224.6975 2640.387 2617.232 2767.0325 3426.471 3681.4755 4753.5445 5180.9315 7242.894 9239.899 10381.7595 13989.522 16439.0665 18481.2785 31658.5485 38399.9325
2582.375 2521.872 2251.0125 2173.63 2130.278 2070.2395 2096.09 2117.4385 2194.99 2267.128 2435.3275 2606.7625 2962.5365 3331.5805 4192.4345 4578.6325 5044.064 5635.795 7290.155 8453.7255 11106.805 12064.8915 16981.345 17695.07 31273.554 41729.495
2838.1455 2712.2 2552.906 2362.608 2239.8825 2290.556 2235.925 2304.883 2463.202 2697.5665 2654.946 3161.511 3249.7605 3504.4845 3855.1975 4861.377 5275.735 6551.9735 9002.144 9386.5725 13824.033 17993.0905 17812.013 23878.4485 27442.033 44248.767
3256.6865 2811.661 2710.674 2750.4035 2619.2425 2592.3645 2450.9305 2520.1775 2757.6355 2702.319 2840.538 2941.231 3663.437 3912.918 4420.185 5090.866 5856.385 7289.051 9583.987 10032.664 13195.396 16128.365 23380.552 32768.5475 41119.423 45823.784
3357.0915 3175.2975 3080.937 2929.2015 2719.507 2907.865 2688.325 2661.712 2708.399 2896.0375 3111.046 3391.9855 3739.454 4321.267 4602.2755 6139.2025 6917.58 8005.4675 9798.018 11142.8695 18374.6725 18678.1485 22128.212 29227.113 55275.882 55356.1665
3705.765 3392.2515 3122.4235 3091.1235 3110.2515 2842.954 2794.2935 2893.6455 3112.611 3487.213 3259.324 3544.908 3961.5485 4574.3945 5681.752 5887.473 7070.3705 8642.11 9918.5775 12615.1535 17352.534 21731.0375 29994.0405 39889.9245 45660.8735 60192.485