0.0 0.2 0.4 0.6 0.8 1.0 1.2 1.4 1.6 1.8 2.0 2.2 2.4 2.6 2.8 3.0 3.2 3.4 3.6 3.8 4.0 4.2 4.4 4.6 4.8 5.0
5 6 7 8 9 10 11 12 13 14 15 16 17 18 19 20 21 22 23 24 25 26 27 28 29 30

31.9485 27.026 25.486 24.0815 26.0315 22.6965 25.219 21.6015 24.041 29.286 25.6835 29.6425 26.9725 24.013 29.1645 28.5405 37.949 34.658 36.722 48.182 40.984 43.9135 42.758 52.9915 59.304 66.264
51.6985 49.94 44.893 47.5325 38.0165 42.004 42.046 41.208 41.9375 41.622 40.303 44.0025 42.734 45.023 53.2705 64.334 58.136 67.6755 57.3975 77.708 79.45 95.695 114.437 96.5075 141.08 131.1475
84.876 76.8485 72.9135 65.4705 63.548 63.257 65.063 66.1895 61.135 68.4425 68.459 64.7765 62.1655 65.815 80.88 99.443 93.5735 104.75 102.6855 110.6665 128.9225 139.118 162.2305 201.116 229.175 326.297
122.761 113.127 105.482 104.6525 94.5725 87.832 88.558 96.735 85.024 76.108 95.9935 93.9305 106.467 115.792 130.7975 130.689 142.166 143.9805 162.871 199.08 192.3565 225.1785 282.2 367.3545 344.079 493.4035
164.617 156.335 140.216 140.84 137.768 124.559 129.394 130.791 119.7845 131.034 136.4025 139.566 158.924 169.5765 178.515 167.499 182.36 201.053 241.3045 319.762 351.707 386.499 455.431 551.5605 750.028 625.401
214.4935 201.3425 200.159 170.7805 182.9425 175.8135 169.7595 167.5595 187.8135 172.571 160.2625 183.515 198.3395 207.2345 206.2405 247.9245 275.999 309.853 385.845 403.5385 542.301 581.5915 680.774 781.6225 1305.913 1439.5305
276.3265 251.9985 241.933 224.7545 220.4785 221.006 219.8245 201.394 210.069 227.441 217.6795 268.8365 229.3815 286.2535 329.376 364.305 342.671 409.8835 486.9025 599.7765 657.4335 802.3775 942.208 999.0365 1807.2205 2078.846
351.2625 311.955 298.2115 286.153 289.194 283.3745 277.164 254.507 275.7595 278.3605 268.642 301.99 281.978 351.3175 375.966 411.6185 492.973 619.5535 586.033 765.942 898.1965 1338.05 1676.6915 1479.5435 2340.2275 2579.8465
417.7095 389.9985 367.9905 344.5035 348.908 327.3885 315.4825 301.281 336.0185 357.369 391.177 379.112 395.261 414.3145 549.1595 549.201 671.9895 730.402 698.1425 947.5335 1272.746 1315.0055 1728.34 2370.0965 3197.3185 3818.552
500.681 476.4355 447.1215 442.4015 422.957 414.7255 395.7045 403.097 411.8455 401.9845 431.15 471.757 516.7635 535.8525 662.5395 597.7145 770.258 914.4265 947.051 1292.636 1777.1235 2298.112 2445.248 3392.758 3808.418 4177.032
611.1965 567.236 508.3835 491.7235 476.557 508.44 463.948 473.178 504.3525 485.612 504.884 547.282 593.6115 617.789 786.356 773.5075 874.135 1073.1435 1430.7645 1776.807 1847.179 2090.884 2594.008 4390.806 4734.917 4605.4575
685.305 642.5255 647.3985 570.758 558.297 558.769 503.977 562.4645 569.3945 583.293 648.2575 696.3285 637.982 761.679 880.9635 858.8675 1111.869 1199.9145 1686.302 1963.5345 2592.6425 3203.998 4397.415 4719.915 6118.4805 7727.331
810.6105 739.1735 711.8855 686.4295 637.625 629.976 643.721 648.3715 642.786 696.263 707.627 757.855 841.0075 917.544 931.2865 1134.7805 1248.1755 1639.171 1985.4295 2710.652 2846.18 3447.046 4362.5635 7604.2165 5946.02 8826.8965
963.8275 862.593 800.4515 831.5565 773.5625 784.607 750.164 667.859 773.487 779.565 834.676 761.945 984.384 1177.482 1210.563 1202.384 1635.139 2068.7545 1941.3425 2459.554 2836.019 4240.889 5153.593 6272.62 8170.1945 14417.316
1048.68 971.1845 909.228 886.4765 908.7335 797.72 842.684 846.9585 894.1615 919.473 969.357 1008.514 1140.137 1204.309 1355.0565 1935.3375 1486.443 1846.4265 2678.26 3439.6575 3717.4275 5601.983 5723.1755 6120.782 8684.372 13473.227
1256.771 1166.834 1103.532 1027.2425 998.3845 941.65 887.7575 936.498 1074.6215 1036.4485 1170.533 1235.2025 1239.299 1474.496 1709.875 1830.963 2202.823 2444.751 3099.1165 3333.8505 4301.868 5891.9055 7006.2805 9252.9865 11388.089 13347.3995
1311.192 1226.9845 1233.4785 1129.892 1156.4615 1064.491 1011.823 1035.0555 1079.2295 1228.2235 1166.5865 1269.153 1428.5265 1624.2255 1840.7405 2129.4655 2521.9855 3035.0535 3231.048 3948.581 5215.401 6256.38 7616.9 11254.065 17291.029 19904.877
1557.0415 1479.722 1338.746 1299.7705 1249.337 1214.5705 1213.934 1250.7565 1265.0265 1399.5415 1307.9625 1394.5075 1663.559 1869.4785 2204.5595 2398.9645 2677.202 3640.324 3403.03 4316.445 7047.867 7966.938 9203.291 15087.9535 13509.6545 18898.263
1725.2485 1622.641 1462.742 1531.3435 1438.5395 1395.6675 1354.9925 1427.569 1480.1895 1563.0075 1635.2405 1649.7125 1734.195 2147.877 1956.525 2444.5045 2758.0115 3719.339 4297.387 5727.589 7678.181 9185.213 10296.696 11780.1555 12674.9415 25704.937
1875.697 1774.417 1742.034 1637.2425 1514.399 1449.2545 1444.0255 1408.448 1514.976 1463.34 1648.3305 1983.187 2152.848 2231.404 2559.947 3143.829 3305.1205 3589.752 4347.699 6523.997 6841.329 7419.1645 13481.2725 13938.497 17801.291 21522.942
2150.746 1957.537 1901.564 1723.752 1714.1985 1610.365 1734.477 1699.452 1675.348 1720.933 1866.6605 2188.018 2076.896 2267.7765 2522.045 3782.643 3608.635 4540.7575 5699.3 7405.248 7875.482 9596.4515 14289.99 14691.985 22278.884 36405.1705
2388.2495 2122.096 2121.7735 1930.6265 1867.0965 1837.2035 1838.7085 1754.8855 1804.421 1960.2465 1904.973 2109.4345 2598.448 2623.007 2920.351 3605.984 4261.9025 4767.5835 6364.7595 7489.7405 8390.7585 11773.682 12951.093 16931.8835 21777.2465 30318.242
2580.119 2319.265 2295.0645 2142.78 2065.7325 2021.198 1890.6835 2003.715 2004.164 2295.643 2303.8995 2427.7215 2439.2975 3096.4105 3401.938 4222.4025 5090.4225 5780.642 6179.023 8154.252 11208.5365 12897.9735 17166.227 21265.0075 33662.722 36500.3615
2872.948 2672.534 2371.3145 2324.67 2227.938 2037.275 2084.195 2267.434 2196.0965 2306.528 2566.006 2647.2725 2985.9005 3148.987 4077.3295 4356.4495 5387.239 5904.5695 6964.5495 7850.8405 11895.772 14141.4555 21190.6825 26156.237 31791.922 36001.1805
3089.6705 2829.316 2816.213 2540.1035 2366.58 2409.185 2383.5725 2310.23 2313.029 2464.288 2665.829 3004.606 3394.2665 3511.7225 4606.3685 4647.325 5343.4895 6486.543 7099.3415 8906.385 12528.5395 14123.9985 19844.614 22531.0015 38684.1755 36454.409
3402.9335 3178.1945 2847.2905 2642.2915 2470.6535 2582.9255 2638.505 2567.8225 2691.059 2594.542 2903.131 3046.4255 3611.7295 3590.9285 4106.3205 4759.0715 5187.636 6319.094 8481.9015 12538.917 13498.544 14525.0675 21227.06 24685.926 39266.471 37941.348