0.0 0.2 0.4 0.6 0.8 1.0 1.2 1.4 1.6 1.8 2.0 2.2 2.4 2.6 2.8 3.0 3.2 3.4 3.6 3.8 4.0 4.2 4.4 4.6 4.8 5.0
5 6 7 8 9 10 11 12 13 14 15 16 17 18 19 20 21 22 23 24 25 26 27 28 29 30

19.0745 20.191 19.0085 19.0185 17.518 25.958 18.481 18.45 12.6525 22.5475 21.5835 18.3705 19.75 32.714 28.1095 33.441 44.4365 29.7325 20.9185 30.5785 30.6845 48.701 49.9405 12.7885 25.633 28.357
55.163 47.0575 26.24 35.705 35.3855 34.4945 42.6225 30.8225 38.1915 21.8985 23.622 29.284 30.436 26.4165 35.4085 53.1205 38.926 34.1705 38.268 48.662 62.4605 37.912 69.951 117.0945 45.4765 66.553
62.1565 74.5605 54.9585 57.208 49.8535 57.3955 51.654 56.0445 48.0085 51.389 47.991 48.318 48.2065 50.8985 69.2165 50.829 70.152 68.978 89.863 91.128 72.286 107.163 130.386 166.0025 148.7745 118.6565
99.471 86.625 85.901 74.9465 57.535 66.477 46.299 55.6835 89.816 54.6935 59.266 81.1315 66.9845 53.3765 90.0865 105.5305 50.665 127.9265 100.119 108.867 149.2515 108.618 139.042 157.1245 200.7635 344.0435
127.912 131.3535 111.0525 108.4675 100.662 96.3985 70.435 110.16 104.8865 66.7195 96.607 97.2415 93.0355 109.7055 107.8935 126.148 126.8825 144.8475 177.1585 155.47 219.183 221.7015 237.668 258.071 464.218 282.9385
202.294 168.411 146.292 122.224 133.7245 111.0115 114.2175 124.7945 127.4005 119.7285 155.9665 114.4755 149.1095 114.038 138.1135 249.0365 126.6565 172.838 143.8575 220.896 210.422 281.897 219.642 439.042 373.287 355.1345
205.2255 207.37 178.279 171.88 167.305 173.5295 158.358 150.235 179.492 162.172 160.8135 181.705 183.956 191.1175 183.917 226.391 212.467 268.9525 329.9455 236.8835 373.3515 414.687 586.4685 709.645 1301.386 1065.6635
273.631 245.6175 228.658 215.57 211.3765 204.874 197.1305 194.3885 189.9065 197.382 202.2395 205.738 200.4415 268.3205 246.866 271.5045 286.157 401.285 382.766 301.3605 388.095 726.82 390.1375 549.2925 1067.954 596.1595
260.6055 306.0925 291.5535 287.707 250.525 254.2065 240.012 232.7865 245.335 231.511 232.485 247.496 246.2605 318.435 308.0535 302.3385 365.91 513.381 535.3095 590.1625 801.9 989.719 1231.806 1126.7625 1695.288 2332.0575
348.118 345.917 324.265 328.6555 289.465 298.406 274.309 294.533 284.0925 297.6355 303.206 325.695 396.097 390.09 451.917 402.419 451.819 589.661 643.2345 705.092 1065.793 1011.04 1760.333 1786.56 2014.9435 1956.6285
536.8295 404.001 374.1005 356.694 390.391 324.942 366.3255 339.7815 373.4205 373.982 317.461 412.467 412.429 408.573 497.971 488.547 706.623 632.9635 658.8795 927.5065 986.1245 1689.985 2131.4915 2775.038 2816.275 3001.318
523.1875 506.123 465.2055 427.031 421.1645 434.42 406.5605 424.4975 422.4235 406.218 375.7 424.47 420.232 432.553 581.174 719.1435 707.2905 908.455 904.69 835.266 1087.0975 1543.413 1188.005 1674.0025 3545.5805 4504.128
602.6625 489.9435 540.7095 506.4445 517.3655 493.4105 466.403 463.226 390.972 450.8715 465.2885 513.965 612.7 628.193 451.3695 718.6735 959.8745 887.141 1027.67 1483.7785 1501.4395 1866.8005 3080.7405 3552.8215 2670.4545 4778.3485
732.3005 685.9525 601.203 629.7175 556.95 559.683 549.334 540.7945 529.0865 579.515 601.653 655.753 606.905 721.473 620.862 860.759 1046.432 957.743 1042.7195 1767.6615 1461.079 1702.054 2315.784 3871.6375 3994.2185 6485.4915
781.5 723.5685 721.0495 683.7345 640.1765 601.73 583.947 599.4155 626.4585 569.5075 582.337 679.287 783.264 674.342 912.3505 834.3185 1427.644 1556.413 1283.8715 1405.9825 1587.8165 2192.1695 2829.468 2771.1905 7548.7865 5678.8795
961.3235 864.452 773.2035 744.0385 683.475 591.804 741.1765 719.943 726.533 645.0105 762.8055 680.798 684.5565 917.984 884.648 956.124 1138.5565 1631.1905 2161.9095 2082.8995 2370.0535 3848.1075 6153.5415 3789.9905 5798.545 8246.7175
1046.6285 969.411 956.2665 849.1505 738.0195 837.698 786.405 749.1235 759.372 706.6535 835.8285 807.885 1029.494 873.507 883.7415 1390.5075 1529.315 1664.138 1467.0375 2830.277 2321.45 2931.7025 5029.578 5887.722 12443.635 11518.8435
1279.2045 1066.4715 1019.2945 928.391 922.7865 874.81 851.773 886.5645 845.191 912.8145 970.2815 902.663 1183.6125 1298.7485 1423.247 1359.136 1537.4465 1634.76 2350.9635 2349.7735 2167.2375 4482.65 5049.1425 6067.387 7275.7375 7676.003
1341.502 1193.4905 972.5435 1049.6905 978.922 1078.716 958.547 990.0685 942.2335 958.0545 954.8515 1079.976 1076.9385 1366.701 1463.635 1553.1545 2096.028 2016.967 2403.603 3628.727 4059.419 4336.469 6949.3625 11733.7435 13122.5205 10540.487
1456.9315 1347.6355 1201.791 1126.373 1081.2615 1056.6265 1054.794 1087.313 1111.4865 1124.08 1111.583 1136.9995 1233.463 1375.7155 1780.736 1737.4705 2097.6415 2492.8685 2848.021 3499.7775 4155.402 6258.0095 7192.024 9527.7255 11106.6105 13521.2515
1579.3275 1525.241 1383.012 1226.7205 1248.0375 1235.8975 1179.878 1229.9075 1194.3365 1187.2415 1390.857 1371.5035 1459.113 1660.1505 1834.2475 2119.217 2626.7575 2804.9565 3120.0795 3997.4015 5818.722 5626.786 14814.672 11130.554 13580.505 20756.2525
1811.862 1676.7555 1436.9105 1405.839 1346.171 1232.419 1350.279 1275.549 1277.7265 1465.993 1441.577 1514.623 1562.435 1840.5995 1778.1205 2044.876 2332.045 3579.069 3821.452 4086.722 5852.9535 9733.416 5973.8215 11289.143 13400.57 19472.4695
1908.1785 1755.3375 1643.6375 1531.559 1529.8465 1506.4035 1405.1955 1532.712 1371.0145 1472.311 1469.3245 1486.827 1839.9415 1962.7485 2197.326 2622.8005 3250.0275 3698.789 4401.8765 5425.9595 5320.9165 7137.337 7448.0755 17374.853 17615.508 17918.3235
2023.533 1940.651 1777.3605 1724.4965 1650.289 1533.007 1631.387 1442.355 1548.113 1531.206 1507.76 2022.714 1980.2375 2208.787 2389.7975 2413.987 2881.2905 3532.566 4843.841 5284.1805 6235.7065 7721.2805 10114.8325 11478.6765 23923.475 17428.9075
2317.6485 2077.8435 1857.0215 1932.8625 1672.3055 1605.545 1721.8085 1667.125 1793.251 1627.041 1859.42 2055.5905 1849.2725 2201.139 2307.1715 3330.6355 3368.42 3786.7715 5295.2045 5797.844 7966.693 11504.4875 12138.62 15553.908 15151.525 25647.134
2611.94 2194.0515 2144.22 2051.6545 1866.7495 1742.288 1805.187 1661.649 1869.8675 1920.979 2057.9615 2205.5695 2423.602 2482.2555 2737.7415 3211.854 3927.0065 4052.5815 4973.492 6266.763 8363.5795 10160.595 12207.699 15206.7435 24204.78 28488.2415