0.0 0.2 0.4 0.6 0.8 1.0 1.2 1.4 1.6 1.8 2.0 2.2 2.4 2.6 2.8 3.0 3.2 3.4 3.6 3.8 4.0 4.2 4.4 4.6 4.8 5.0
5 6 7 8 9 10 11 12 13 14 15 16 17 18 19 20 21 22 23 24 25 26 27 28 29 30

38.1945 33.0495 34.8435 30.882 31.1725 31.5535 25.5155 27.991 28.9345 28.647 25.1755 30.729 28.6365 34.4735 41.061 46.5405 48.6285 33.604 45.5495 47.1575 50.984 61.681 55.481 54.3705 93.8975 86.296
60.525 59.2615 53.6635 57.0765 54.9665 50.962 47.6865 45.9325 46.225 53.54 52.3015 48.3045 61.2895 62.573 54.0145 68.9035 69.6005 80.735 85.943 99.1305 106.3765 110.8605 108.631 151.669 168.6565 213.128
102.189 96.48 88.4415 81.84 79.0335 74.7765 76.6005 81.7095 74.9335 80.7545 75.0925 96.0385 96.505 95.04 102.596 94.914 128.294 141.594 119.5065 177.2475 170.674 195.024 253.0485 221.0705 289.164 331.8135
135.4205 138.2305 125.813 119.7515 118.85 107.884 113.095 110.85 113.529 115.4025 120.1125 139.031 135.863 143.638 144.846 178.65 177.9 205.4715 225.268 274.912 285.6285 246.273 331.298 522.098 563.548 602.1195
200.9155 176.9235 172.1735 165.152 159.621 156.9855 157.482 147.1425 150.897 171.485 182.974 173.3665 172.477 193.7095 229.373 198.92 281.5775 280.404 323.358 367.0505 406.995 490.158 601.4855 780.568 860.3465 934.9385
268.126 242.325 231.893 223.8415 221.376 206.418 208.8855 189.839 211.103 221.181 217.31 246.4645 225.365 275.876 306.6255 332.7045 385.4525 415.954 404.919 448.3335 650.1105 844.3225 798.7 1086.017 1718.8175 2121.328
331.4455 312.567 303.528 280.6715 265.7825 285.806 260.5335 281.4735 253.614 269.026 271.554 310.8065 308.28 384.0205 403.124 396.78 423.5575 677.8775 699.811 666.5135 969.419 895.0995 1430.934 1192.936 2121.8 2566.6425
414.3045 383.9615 385.03 339.981 344.583 344.2765 334.134 325.6545 328.849 346.9685 380.8 372.4925 359.221 450.1105 521.1515 564.2585 589.096 621.0005 859.834 1021.342 1301.693 1560.1855 1597.0055 1744.538 3257.193 3378.728
513.8725 491.1975 449.484 442.8765 402.66 423.0955 424.4945 413.1515 399.6715 428.7865 456.1015 479.8515 481.939 559.83 710.87 672.9125 772.9245 912.703 1065.602 1199.986 1599.5675 2046.2955 2637.535 2815.177 4765.569 4137.2865
636.352 571.353 554.793 543.6085 505.1845 500.5935 490.9905 505.0865 502.324 505.177 560.854 589.42 635.4975 723.4665 883.313 886.998 1128.7505 1199.2795 1625.937 1622.066 2067.7685 2246.733 2908.052 5051.232 6439.591 8201.664
749.7015 706.801 640.4175 590.7685 600.2545 599.439 570.951 614.113 631.862 605.4665 626.157 715.5775 793.1585 818.0945 934.301 1155.2445 1402.2865 1862.861 1990.454 2483.4975 2831.4935 2818.8715 4070.774 4600.0695 6243.6135 7945.324
856.479 795.2115 795.772 743.436 673.0955 688.5725 690.2565 753.636 713.3975 748.3025 770.0605 924.822 866.601 1040.538 1204.4315 1319.892 1564.637 1887.1155 1832.149 2686.6665 3410.164 4612.0585 4642.9005 5255.241 9062.456 12541.684
1031.001 927.652 902.5365 817.51 810.4425 834.521 850.1875 798.7785 813.439 945.187 964.3375 1047.278 1129.7455 1218.784 1221.5565 1522.3535 1876.655 2152.0395 2928.715 2945.553 4117.219 5046.591 6287.9535 8040.5835 9856.146 16935.8035
1204.5935 1108.0355 1055.8155 956.3005 968.2165 959.1395 876.9735 945.772 998.339 1091.565 1091.0935 1190.881 1244.129 1427.768 1682.952 1900.5565 2177.757 2478.705 2860.8025 3830.45 3971.0925 5762.4945 7489.1545 10064.271 11588.516 18231.409
1339.3385 1230.778 1146.1875 1164.305 1029.071 1049.902 1068.505 1145.788 1176.648 1162.1385 1305.962 1445.999 1512.406 1536.606 1823.539 2164.5135 2791.1385 2739.5605 3284.2365 4900.0405 5232.607 7236.98 8139.1825 12244.1355 13717.9315 16408.6555
1550.133 1439.193 1274.523 1322.3465 1238.551 1184.5025 1305.5915 1192.872 1289.2285 1327.035 1410.7035 1597.5305 1653.797 1911.666 2303.083 2428.4695 2939.5705 3697.939 4726.1575 5059.092 6193.218 8554.554 8912.7345 14096.7795 14740.7185 24161.616
1715.068 1622.839 1493.0375 1406.5965 1397.774 1324.5835 1331.3625 1426.697 1401.26 1388.652 1521.0265 1794.2475 1888.741 2274.739 2619.453 2830.513 3488.5765 4161.5725 4149.502 5726.6815 6991.6675 8990.4915 12671.337 16039.5495 18860.7645 26171.175
1930.9525 1795.134 1663.364 1679.5145 1578.697 1501.911 1671.413 1534.325 1625.5015 1699.8005 1919.1495 1939.5265 2015.3075 2568.4755 2385.501 3153.4145 4029.546 4705.8415 6097.096 6912.0045 9262.0555 10568.0035 14694.3305 16632.7945 24678.3385 38190.774
2178.551 2045.7205 1959.534 1789.564 1716.6925 1782.3565 1802.1575 1791.0955 1698.085 2040.3655 1888.867 2277.654 2565.757 2604.506 2995.062 3940.201 4583.6715 4769.4595 5708.9355 7915.4 8613.029 12861.12 12231.8805 24314.3115 25723.1585 29492.04
2402.0045 2224.4225 1985.5385 2045.2675 1945.8665 1917.6275 2061.2335 1923.633 2013.3585 2181.2135 2271.787 2558.267 2614.1385 2991.998 3336.838 3994.5535 4084.7485 5949.2565 7052.629 8616.2915 11049.0365 14395.73 18474.789 19841.217 27660.062 32292.8135
2670.352 2439.606 2363.6425 2203.892 2173.0485 2253.637 2042.0685 2098.7825 2218.3695 2345.4315 2606.898 2754.6185 3047.664 3271.3855 4093.8185 4932.594 5021.5955 6278.5145 7171.952 10011.229 11049.136 16950.933 18057.4715 25949.855 28573.7235 50087.6725
2997.47 2748.493 2443.1435 2376.298 2360.9045 2297.4805 2520.023 2283.7365 2453.452 2494.824 2793.0245 3032.541 3240.099 4180.0495 4700.493 5236.837 5959.538 7061.2715 9237.5665 9262.934 12728.1195 19121.934 25596.285 20214.194 36817.7155 51369.288
3183.659 2922.892 2838.5305 2682.969 2612.8425 2547.6085 2514.6655 2561.537 2707.204 2813.286 3110.1485 3528.121 3432.073 4564.95 5241.8635 5162.259 6134.023 7670.401 9025.323 11371.003 13409.1585 22574.0475 22481.2415 36183.179 43939.014 62002.534
3564.3195 3334.115 3041.3215 3033.1305 2817.3775 2835.785 2775.84 2904.028 2947.0415 3123.386 3082.0815 3500.2195 4040.507 4176.4375 5450.7305 5989.814 6785.7925 7866.0875 10141.466 11092.2475 15514.57 20559.9625 26723.2945 33959.6455 45042.6545 55470.4115
3817.8955 3535.0165 3260.713 3212.382 3006.482 3096.635 2966.3585 2977.584 3259.964 3756.386 3618.3025 3868.9825 4194.5325 4578.427 6022.536 5877.832 7464.822 9200.824 10500.367 15281.7005 20476.7765 23123.043 28800.805 33877.837 55168.8505 67172.4205
4201.307 3825.095 3562.842 3611.2925 3415.436 3263.9485 3254.443 3380.6425 3405.1 3594.863 4026.2205 4003.475 4766.754 6022.225 6659.391 7480.892 9022.497 11017.003 12095.4155 15840.904 21596.311 25016.6765 30838.7495 37508.358 58109.6285 88256.904