0.0 0.2 0.4 0.6 0.8 1.0 1.2 1.4 1.6 1.8 2.0 2.2 2.4 2.6 2.8 3.0 3.2 3.4 3.6 3.8 4.0 4.2 4.4 4.6 4.8 5.0
5 6 7 8 9 10 11 12 13 14 15 16 17 18 19 20 21 22 23 24 25 26 27 28 29 30

25.3385 21.0205 18.794 18.8475 18.9715 15.4885 16.6545 16.905 18.3595 20.5775 16.103 16.475 16.2535 17.197 17.022 16.1855 18.055 22.67 21.3555 17.065 21.0505 29.7415 22.8435 22.6495 27.4815 29.3395
37.8025 33.584 35.653 38.3505 27.937 26.3705 28.3405 30.703 33.537 28.7015 30.5295 25.682 28.5175 28.0405 27.0155 27.2965 34.142 33.153 39.3105 48.4765 49.172 36.97 57.9775 51.689 57.5225 64.9265
55.4395 46.753 49.144 50.1655 49.735 43.196 44.5065 42.9405 41.452 40.041 42.1545 42.0625 43.073 40.1685 50.21 37.361 51.811 57.48 84.599 70.8825 68.2335 89.4865 99.1975 79.407 121.0475 162.2605
86.4535 75.049 69.896 68.242 67.1615 59.73 57.28 69.463 56.9245 58.5535 55.08 66.228 59.351 52.5695 69.323 72.1065 70.9615 70.4695 95.5275 119.6065 92.6115 162.003 141.754 169.3595 246.536 171.324
110.5125 101.2725 91.9445 92.285 87.1065 83.792 84.299 71.4685 79.5775 83.22 78.785 86.718 93.082 82.703 89.474 90.5975 107.647 114.5845 118.364 148.29 214.8495 219.341 247.321 203.881 392.3205 486.0715
134.4375 137.716 134.6645 116.1845 119.111 121.634 101.627 108.1635 105.617 101.0135 101.451 105.5435 113.355 108.0375 110.377 103.157 144.464 148.7725 147.337 237.1425 230.7625 259.877 300.528 358.832 696.645 708.4525
194.0895 176.456 161.2555 145.1905 147.675 142.2945 135.627 134.9335 143.015 127.0955 117.1845 131.606 161.764 145.896 147.1185 183.429 170.8825 203.1375 231.6555 377.982 389.125 328.3445 479.0425 625.431 638.4275 1037.5605
228.0615 218.2955 201.631 186.16 183.8825 181.955 161.03 158.094 161.5155 160.08 155.9275 175.41 155.78 191.5795 218.2865 187.1605 229.032 291.1135 312.172 436.27 328.58 415.9855 591.1855 736.079 921.7275 1252.2405
277.948 261.605 246.6875 226.99 225.8775 214.64 212.519 182.5275 188.5185 196.8005 193.74 187.099 223.784 223.527 239.577 280.647 287.352 361.914 395.7815 555.8905 464.4515 730.643 672.409 1225.842 1268.361 1192.022
349.3665 322.7295 292.3815 261.48 254.6235 263.0035 228.602 262.3435 219.3 229.116 242.041 256.899 256.6805 283.393 311.9315 348.038 351.547 472.528 549.7295 483.5855 700.3105 585.428 1150.7475 860.3595 910.091 3013.789
400.322 347.941 347.991 317.1915 288.6695 270.5285 262.209 289.65 274.7495 274.9375 274.924 280.173 333.9295 330.36 405.4665 393.7 385.9395 386.104 587.672 617.6075 1197.29 959.828 1305.674 1082.4185 2942.525 2237.5265
471.629 418.8085 410.3615 396.236 393.2545 342.6855 329.695 310.7415 333.513 329.167 326.797 365.272 370.748 376.19 457.166 387.3985 571.7785 545.93 670.258 746.721 905.363 1301.2545 1171.726 1505.1435 3032.3365 3156.064
533.777 497.1585 463.604 441.334 420.474 378.239 371.286 379.1275 408.8195 382.675 355.2215 423.1505 375.273 433.61 489.5715 515.9495 742.2995 829.7875 693.181 1209.4585 1193.1515 1308.454 2160.8265 2190.3005 3121.973 4619.503
610.764 575.7455 508.677 498.322 474.0185 448.283 395.8275 422.5815 426.754 414.7435 459.5525 418.555 488.6315 444.9815 728.504 621.0085 629.509 859.524 739.932 1118.7775 1103.878 1665.318 1485.3055 2281.746 2084.088 4751.083
704.125 642.1185 635.4115 557.865 539.8355 498.67 500.766 499.1455 484.2935 512.6505 506.784 514.8365 498.698 547.534 642.7035 829.012 912.3055 941.905 1170.357 1659.793 1689.041 2266.0655 2995.183 3456.6945 4251.8815 7022.749
785.9915 743.1785 670.493 652.6575 618.6465 572.7765 528.4365 496.8465 570.412 518.023 522.4075 646.9995 610.449 709.2465 830.1825 905.8995 954.6345 1100.703 1286.196 1463.433 1468.3775 1941.6405 2804.724 3531.763 3653.5935 7199.6745
872.5105 814.4425 762.986 705.0375 695.593 661.4715 655.9285 568.897 614.6495 552.3915 615.747 685.4765 766.511 715.6305 747.84 883.0625 1402.5055 969.2605 1474.2855 2051.9855 2337.2115 2344.7575 3701.254 4051.2605 5980.3845 9034.7705
966.624 907.7435 825.0275 815.407 740.826 767.9855 715.296 662.9385 686.3245 748.8625 705.4285 749.816 823.5275 863.837 1074.0725 994.166 1174.503 1362.2465 1845.7275 2395.342 2903.42 3895.3135 3721.3625 3730.1965 3568.1685 6899.6525
1086.7465 1024.98 955.2105 909.0875 826.2595 804.268 792.8255 774.0245 743.823 670.673 783.446 748.0215 856.306 893.647 1120.04 1302.4135 1468.7285 1405.306 1836.4535 1897.8225 2395.01 2990.1645 5653.2145 4703.978 8303.5415 13664.586
1205.399 1120.7555 1016.9475 955.768 919.6125 860.3975 857.9315 874.7685 760.718 813.3575 838.943 828.4245 856.386 1202.1865 1052.2625 1237.271 1486.466 2088.5695 2132.938 1926.831 3908.194 4009.865 3268.3345 5559.4095 7696.8175 12155.0595
1336.5315 1224.7495 1079.1865 1025.4225 1024.295 990.842 842.4285 922.194 859.1575 921.688 1012.1965 1012.581 1058.4985 1187.5225 1265.0345 1472.277 1681.9885 2160.602 2226.5725 4267.961 3383.477 4118.8285 3816.3215 4783.7545 6872.544 9577.228
1391.309 1432.1925 1252.1235 1237.929 1142.8405 998.317 1044.809 1041.0455 920.604 1060.0405 1051.2255 1315.285 1107.0015 1262.448 1456.34 1455.9895 1919.07 1873.644 2151.211 4125.121 3986.153 6504.361 5458.264 7068.724 7619.416 17642.79
1622.722 1476.279 1326.0335 1309.8125 1197.6455 1081.866 1070.194 1142.1155 1047.2925 1108.288 1156.97 1017.9115 1382.2275 1317.8845 1412.336 1682.744 1623.967 2208.6925 2334.0075 3801.4755 4767.2065 6113.912 6900.087 7144.08 6915.823 24728.371
1823.3455 1666.9245 1490.457 1393.9165 1279.241 1224.964 1302.5165 1204.531 1229.5175 1171.77 1190.211 1294.158 1419.64 1536.377 1780.2605 2154.2715 1952.688 2927.412 2786.5435 3320.897 4812.163 5887.0375 8485.573 9930.4055 11041.081 17718.2715
1962.861 1801.4105 1574.6645 1531.9615 1401.504 1388.5835 1358.665 1361.401 1287.977 1367.0385 1436.47 1495.4995 1643.518 1973.5585 1671.133 2248.669 2213.077 3113.3605 2622.1335 4230.4685 5745.0605 5455.0605 5649.3885 9682.652 10721.386 17656.9065
1986.0625 1975.704 1736.477 1663.062 1582.497 1474.3515 1383.7955 1427.582 1303.286 1362.795 1304.0585 1491.044 1630.5415 1802.102 2142.77 2204.716 2144.376 4283.726 3006.2885 4641.859 5773.875 5496.064 7403.2655 11406.829 18608.688 25380.3235