0.0 0.2 0.4 0.6 0.8 1.0 1.2 1.4 1.6 1.8 2.0 2.2 2.4 2.6 2.8 3.0 3.2 3.4 3.6 3.8 4.0 4.2 4.4 4.6 4.8 5.0
5 6 7 8 9 10 11 12 13 14 15 16 17 18 19 20 21 22 23 24 25 26 27 28 29 30

46.6285 40.813 38.0835 34.0695 35.77 38.075 31.8955 30.6305 37.022 33.4345 31.4025 36.813 43.1755 39.11 43.298 51.1895 56.7625 46.038 67.5485 69.672 58.3465 65.557 80.5045 64.2705 78.024 94.8115
76.58 70.7795 67.153 67.0975 59.85 59.664 51.978 53.349 52.899 56.8125 63.31 54.7795 78.178 77.497 71.0955 84.023 79.839 81.971 100.396 108.2305 137.9375 133.2565 130.5975 155.2135 182.4695 140.447
111.2245 108.9095 98.657 93.003 93.04 88.8995 90.685 86.6955 88.371 99.228 87.5515 87.827 116.53 105.9035 116.7865 137.407 140.0525 137.6775 181.149 174.781 190.493 194.953 262.8025 321.483 491.9805 424.3615
161.426 157.408 149.2005 144.578 136.202 126.5825 136.03 134.008 140.2345 133.0975 148.542 142.2875 145.369 154.893 180.3445 201.489 237.265 263.2895 262.7235 280.9355 368.069 370.898 474.9375 522.0085 566.2885 888.509
235.753 208.4165 193.3605 191.6665 191.385 184.0455 180.7085 179.1345 187.138 198.731 202.818 206.3085 220.8495 225.245 248.4095 285.7975 307.5465 326.653 387.372 557.4755 409.95 638.5075 721.2215 746.744 925.2025 1420.1625
302.853 285.875 272.0505 252.6165 253.6545 246.3545 235.8925 236.4015 266.977 257.873 264.058 258.861 300.7585 321.1175 338.0225 383.3025 408.8655 497.221 545.029 682.478 756.378 880.1545 1134.398 1323.1005 1899.0225 2103.7745
382.3625 370.8775 349.2855 337.5925 307.6365 319.102 315.9985 294.125 341.1155 314.136 375.01 363.5995 371.678 438.442 475.2375 496.067 606.3535 592.595 748.3305 1086.968 1217.0105 1594.259 1512.6805 1885.3365 2432.084 3837.956
504.492 461.6055 448.5795 426.9425 403.899 390.875 415.2065 395.8275 430.569 441.187 443.889 516.311 527.974 557.837 549.3905 781.035 815.7535 1005.433 1209.566 1397.078 1504.517 1919.118 1989.9815 2781.551 3554.361 5313.8505
630.0545 574.5525 545.2975 519.418 501.0175 491.858 497.111 523.938 562.7175 521.2095 565.5525 582.991 617.2965 741.795 796.544 894.3755 998.47 1019.0075 1473.625 1642.0405 2058.8565 2449.143 2972.7145 3610.945 5043.282 5795.1965
703.548 670.1835 656.342 601.4895 615.494 570.13 583.738 627.498 641.982 630.8225 699.878 737.0035 843.9855 836.456 1002.174 1098.355 1385.059 1473.636 1904.6815 2041.2105 2696.332 2805.7795 4728.387 5441.2865 6117.1565 7673.8175
860.516 822.5045 798.91 745.5295 679.1905 727.8735 741.752 710.901 736.9605 775.564 769.4275 969.848 913.5495 991.246 1279.329 1340.6045 1732.574 1927.8105 2539.1605 2985.84 3475.39 4115.8605 5140.8345 7262.047 8875.8805 12530.5645
1036.2065 943.003 936.193 870.582 838.2225 867.2475 850.3415 900.324 837.0005 880.5545 1023.671 1051.2065 1198.2135 1198.1055 1364.259 1592.5995 2007.9355 2216.345 2577.8375 3002.9055 3720.829 5567.5355 7504.8515 7977.925 10444.569 11187.885
1207.896 1056.365 1085.4345 1019.515 1036.417 971.6245 999.283 997.9545 993.914 1104.32 1170.5465 1358.4315 1431.3135 1483.6895 1810.718 2195.812 2444.6145 3024.952 3132.2105 4797.3195 5026.855 6836.2735 8081.921 9513.386 12786.4965 17545.8585
1363.4375 1277.182 1221.8925 1139.832 1183.584 1120.8105 1186.795 1212.4105 1199.376 1258.098 1248.4575 1392.957 1598.1565 1902.246 1950.0535 2121.41 2639.2615 3302.114 3764.7745 4664.1385 6452.777 8219.0245 7973.2455 12238.0795 16763.6565 22042.267
1644.255 1467.065 1401.131 1397.9715 1341.974 1296.93 1304.2835 1399.8105 1402.305 1480.683 1524.2045 1741.253 1922.2925 1994.692 2459.0405 2867.0685 3264.769 3629.423 5186.6515 5120.6005 6805.8645 8051.2965 10749.0625 14418.701 25180.578 25035.13
1777.898 1763.55 1621.391 1528.852 1450.04 1468.538 1491.994 1554.1905 1494.1415 1619.399 1901.412 1963.5145 2047.638 2323.757 2730.0645 3498.4685 3319.093 5328.034 4678.5665 6170.0795 8091.8695 10457.288 13282.926 15016.446 21205.267 23379.038
2084.015 1898.038 1891.5015 1744.6275 1614.132 1730.6695 1697.9715 1676.967 1754.3035 1964.664 2006.0975 2465.962 2285.89 2880.627 3000.994 3511.4185 3847.928 4711.4735 6101.2245 7153.7585 8629.529 12508.853 14898.9495 18519.842 27887.9225 32429.041
2301.101 2173.6775 2018.3005 1976.3135 1958.246 1915.2275 1843.6855 1947.0665 1922.8165 2194.211 2389.452 2437.3295 2729.6575 3121.3485 3369.472 4037.496 4630.5815 5579.8445 6460.32 8735.4715 10083.9575 13171.462 16307.569 22850.9705 25610.8215 36980.388
2623.637 2357.2375 2328.4985 2175.9715 2000.474 2108.15 2230.526 2156.932 2327.646 2511.0955 2615.265 2751.592 3132.422 3424.0055 3858.511 5125.4775 5227.2085 5866.6905 7778.5855 10924.8065 12435.0785 17577.4995 16245.726 26931.9745 30594.7695 40897.798
2819.372 2635.448 2460.979 2403.1305 2343.823 2293.195 2410.1685 2465.856 2439.444 2659.314 2688.6885 3010.676 3656.622 3680.1295 4080.944 5052.6655 6371.165 7019.2435 8662.505 11392.03 14958.0645 17605.8745 23436.2275 25640.545 38482.63 55425.3325
3196.4625 2903.5945 2824.157 2683.874 2693.281 2529.4135 2577.0445 2564.422 2788.5075 2858.2985 3064.0665 3484.3525 3866.4815 4442.177 5143.8305 5464.689 6405.1045 8792.914 10322.796 12567.9195 14713.4615 18590.9195 21003.816 26931.3845 39930.7505 62757.8515
3443.765 3263.8245 3177.6005 2899.7225 2961.7455 2876.4395 2933.529 2914.5075 3126.9675 3157.3065 3635.2825 3766.6965 4225.23 4874.632 5614.4775 6797.8535 7956.0115 8655.601 11156.009 14411.85 19529.784 23176.444 30511.384 28908.975 44397.1815 67213.9815
3645.53 3462.4395 3406.508 3218.077 3152.1195 3286.9125 3077.801 3442.3945 3400.527 3525.944 3949.884 4268.3455 5127.7295 5278.2405 6304.6895 6554.44 8591.71 10327.1085 11832.242 14143.486 21395.745 23840.4565 33732.6825 41658.161 51710.4345 66035.7
4101.5315 3939.593 3710.555 3519.9145 3573.3715 3385.1095 3405.0375 3419.392 3451.3075 4071.002 4281.1225 4606.457 5230.675 5681.715 6337.717 7329.082 8337.776 10988.9645 13233.2235 16326.4945 19833.676 25533.6415 34712.107 43375.585 60831.412 63957.6125
4536.842 4266.203 4041.2425 3718.9185 3732.3835 3841.9275 3570.2105 3893.7985 3922.9505 4153.9035 4714.877 4844.672 5559.777 6314.416 7800.317 8197.584 11256.4045 12041.769 15005.1535 17668.656 21539.154 27606.322 40887.644 46361.9345 65348.8285 68644.7815
4948.7945 4733.311 4305.1465 4085.037 4025.924 4012.863 4343.3115 4053.8715 4461.5685 4408.121 4691.65 5487.9465 5853.562 6941.6505 7674.05 9673.2105 11676.612 12076.888 16762.2695 20918.521 27953.421 29522.679 40562.1755 55545.5485 61478.8655 100277.076