0.0 0.2 0.4 0.6 0.8 1.0 1.2 1.4 1.6 1.8 2.0 2.2 2.4 2.6 2.8 3.0 3.2 3.4 3.6 3.8 4.0 4.2 4.4 4.6 4.8 5.0
5 6 7 8 9 10 11 12 13 14 15 16 17 18 19 20 21 22 23 24 25 26 27 28 29 30

27.4395 27.3325 26.1015 25.8205 23.4825 21.3595 25.2235 22.3825 22.371 23.29 24.3215 24.0405 22.1195 24.125 25.217 22.366 27.4175 26.7295 32.0195 34.602 30.4865 26.739 26.2865 45.9815 36.2005 63.852
45.2065 44.809 42.969 45.117 42.058 38.5635 36.19 41.2935 33.888 39.3535 33.38 38.656 38.836 40.205 48.789 44.2435 63.909 43.7845 52.58 50.1645 70.1095 72.54 72.1845 97.0835 96.216 146.9925
76.087 73.1755 65.781 62.226 63.0395 57.5985 53.101 56.0645 56.8095 58.712 58.321 59.7495 67.78 64.63 67.7745 59.928 79.762 78.1145 89.5545 98.8915 114.039 160.328 157.45 198.6255 193.742 310.606
108.578 98.431 95.7845 86.337 89.5035 82.3425 80.819 76.709 79.018 75.8965 81.3185 90.247 78.0165 106.9115 95.1555 111.2695 102.7965 121.3755 140.5245 118.891 199.3255 192.4305 261.155 319.81 391.005 392.571
146.792 136.5705 126.0725 122.8695 114.3455 109.5835 109.844 119.032 103.7005 111.67 123.5575 104.7145 126.724 132.7735 150.959 152.839 165.7565 203.807 255.36 251.467 275.849 380.398 379.984 518.771 306.2725 322.467
192.4715 165.4785 162.564 164.3605 139.57 153.0345 145.95 142.262 143.6195 145.4065 153.612 150.862 174.4775 187.345 201.4315 217.5725 238.4995 276.1885 316.553 335.4495 304.939 293.7965 541.586 557.9795 1030.297 943.7885
249.3305 221.7515 218.3255 190.4335 197.455 191.1595 195.7525 183.1085 187.9085 177.4905 175.241 207.076 170.6595 194.738 297.776 267.9055 307.8435 449.709 317.7965 414.343 487.9185 665.6685 927.0895 1055.613 827.9685 811.125
294.1945 265.6315 273.2355 263.5145 247.1575 242.937 231.8325 230.8515 236.3585 247.679 252.443 267.393 270.6415 381.761 299.9885 306.051 443.8595 408.071 382.779 534.0265 758.847 1026.4835 1047.8365 1702.178 2037.9515 1817.4645
370.8315 349.3255 321.338 306.529 296.013 283.895 282.295 281.613 289.3855 298.7325 292.1515 339.1515 328.737 395.6485 387.9845 475.6585 629.606 609.299 679.336 752.118 932.18 836.93 1176.8865 959.3885 2506.789 2885.6865
450.1815 406.856 427.4815 368.623 374.8525 336.4615 341.4015 340.556 352.4375 333.2805 418.6 378.979 359.4585 384.25 438.616 484.679 687.8715 836.6075 693.027 1036.3725 1590.757 1551.557 1154.397 1791.8285 2328.9515 4583.624
515.077 497.65 450.885 434.438 393.7425 385.6785 401.296 397.794 403.469 447.276 458.1085 415.698 525.0605 489.8805 572.131 674.9545 737.7855 1065.413 1214.1535 933.8755 1024.2125 1762.0085 3254.3645 2704.4785 2909.585 5463.3285
621.8645 585.143 524.779 516.87 493.459 471.4225 468.341 490.562 507.912 515.067 500.0425 555.385 507.726 613.8125 854.091 813.1195 889.0205 897.127 1080.0565 1541.7395 1879.159 2511.99 2874.036 3906.2135 4969.2025 5303.758
769.709 655.7995 610.7955 618.861 570.516 536.0545 470.046 577.9065 590.1435 590.4505 589.7415 609.512 707.6795 731.603 890.037 907.8335 976.0085 1378.7625 1242.9675 1453.3015 1839.5845 3062.539 2619.6855 4623.171 7880.3165 7193.9505
859.657 787.148 728.0185 689.6215 644.215 681.5185 606.443 679.03 655.847 633.4915 669.986 853.804 674.2015 991.159 1094.7205 809.792 1166.508 1384.88 1471.942 1814.4485 2568.645 3874.921 3913.4925 6125.1015 5536.469 8388.073
989.7135 906.1655 810.5215 753.728 774.117 754.7105 755.4525 705.5855 773.768 746.0555 890.3605 757.7225 838.127 993.492 1185.5265 1525.7435 1684.1655 1576.5115 1988.5595 2070.382 2589.755 3574.128 2949.2865 5089.241 8859.5605 13157.137
1069.1605 961.5645 944.671 890.827 868.3425 801.1455 774.8125 809.8475 873.1275 887.1375 980.594 1047.4075 977.0335 1445.659 1117.7625 1689.0485 1673.314 2218.4305 2206.3165 2869.334 4580.6665 3866.4685 5506.026 6213.82 8931.2935 11200.57
1169.0935 1099.145 971.176 984.8745 900.404 883.923 901.112 860.9535 918.2355 1031.0345 1007.14 1111.0135 1237.482 1297.6645 1361.373 1883.943 1738.9045 2028.4335 2318.0705 3675.351 3925.873 4866.7625 6326.7315 6916.747 10284.574 13083.8535
1366.512 1246.9715 1141.5025 1148.501 1052.669 1006.9005 1018.65 1039.5775 1161.3625 1120.839 1084.7585 1163.8335 1199.667 1615.7055 1636.2535 2121.2805 2082.6585 2463.759 2142.5155 2901.3145 2920.4565 5460.7735 6562.3815 10445.5545 8603.696 16751.6625
1524.9115 1395.717 1293.588 1225.928 1201.4435 1166.871 1187.987 1184.3105 1123.708 1295.801 1217.239 1320.078 1496.4175 1736.576 1859.7865 2114.401 2237.428 2234.4195 3799.982 4632.018 4736.8565 7884.138 10875.131 10701.1635 11996.041 18518.16
1738.5015 1590.8465 1509.507 1349.67 1344.706 1245.544 1384.9615 1316.517 1278.127 1395.8145 1446.813 1558.1715 1636.1065 1774.359 1961.452 2443.7555 2481.964 4061.2675 3921.9395 4921.556 5805.483 7675.8785 8661.1755 10769.1745 15528.4295 19783.477
1904.797 1696.7375 1588.268 1472.808 1454.243 1472.1125 1416.057 1411.321 1433.641 1501.3035 1439.569 1730.144 1823.479 2089.291 2206.224 2294.1665 2923.493 3636.5165 4082.489 5684.0095 5266.8805 7494.6165 11532.112 14085.838 18539.5725 23352.658
2032.049 2002.5955 1763.4245 1685.2125 1628.6085 1513.6525 1525.584 1504.5395 1527.9675 1662.709 1755.358 1901.8175 1816.105 2019.9825 2557.172 2830.4555 3310.9295 3291.8685 5384.883 6384.631 5972.5955 9340.5995 9739.2945 12581.599 21154.4715 30246.323
2323.302 2046.721 1779.1555 1796.1425 1757.95 1734.1175 1759.9535 1511.3145 1609.587 1708.335 1918.717 1716.257 2455.9665 2416.27 2516.782 2488.025 3484.4925 4159.116 5826.1865 6182.0005 6732.701 9476.1625 12480.519 16558.047 24473.998 30735.635
2577.189 2212.351 2073.611 1960.9045 2011.544 1880.4525 1805.956 1790.4745 1810.239 1827.581 2044.0255 2121.7 2511.489 2724.1475 2585.185 3034.2275 3554.3785 4457.558 5859.481 5619.111 8603.9025 10763.64 17367.353 14334.149 19144.728 36849.284
2577.163 2340.758 2278.0405 2275.4325 2128.5785 1985.1565 1953.163 1983.464 1843.2355 2129.496 2431.55 2268.431 2315.7485 3162.7175 3508.728 3581.058 4300.7275 4055.2055 5523.095 8042.89 10200.7015 12885.035 14962.7625 18342.9505 35754.8555 36426.4055
2795.227 2705.036 2446.036 2250.981 2316.4845 2044.3045 2048.7735 2163.832 2074.922 2167.139 2598.27 2724.573 2577.0255 3105.1605 3325.78 3673.1985 4940.348 6006.486 6919.6225 7786.998 11535.7215 14500.749 14641.022 28751.2485 30135.26 32007.231