0.0 0.2 0.4 0.6 0.8 1.0 1.2 1.4 1.6 1.8 2.0 2.2 2.4 2.6 2.8 3.0 3.2 3.4 3.6 3.8 4.0 4.2 4.4 4.6 4.8 5.0
5 6 7 8 9 10 11 12 13 14 15 16 17 18 19 20 21 22 23 24 25 26 27 28 29 30

47.334 46.355 41.3985 40.9025 38.6165 37.0905 38.095 39.6195 37.404 39.4655 36.0405 42.281 37.861 41.9335 43.3555 49.3665 51.719 68.247 62.2905 55.0025 69.4915 84.1035 91.1225 108.74 106.58 81.468
80.399 74.967 71.0025 65.158 67.6795 60.9485 64.8105 65.4115 61.8905 57.106 75.3175 64.017 64.168 74.139 86.0345 74.7775 79.8525 101.691 107.032 83.26 137.267 163.6085 126.4425 161.7705 233.102 223.0595
128.595 118.592 103.8365 100.1435 107.715 109.376 93.9885 105.9645 99.508 107.31 106.007 93.576 102.0515 136.456 135.615 141.355 159.254 146.4165 169.9905 187.3525 200.0655 262.9995 325.0255 262.632 345.873 461.946
173.9285 177.729 158.6225 149.809 144.7285 133.6145 139.282 134.683 129.9305 141.0705 150.3435 156.039 165.4255 194.257 191.5975 212.9655 236.4485 266.4925 310.0415 326.4565 377.6725 458.5175 438.744 629.537 773.182 906.6105
248.735 238.968 215.454 211.361 200.4885 190.022 207.9635 201.162 212.761 203.1375 219.975 203.133 237.6975 273.276 283.0935 292.6475 356.612 371.217 466.268 422.8435 592.4765 602.719 882.461 1249.2925 1308.233 1511.375
331.0995 307.6395 285.4315 271.8485 269.7265 259.129 255.4665 266.094 274.0835 296.4595 280.625 294.599 313.464 324.5435 352.5925 430.805 535.3055 542.284 567.439 613.4665 1054.245 1115.872 1048.331 1583.76 1675.702 2985.8375
425.7155 387.386 380.8105 358.001 354.3205 353.859 368.8785 327.488 334.2055 355.499 358.9455 414.896 415.909 432.635 523.813 554.6455 669.169 749.989 850.0315 1235.964 1072.0375 1484.086 2100.5755 2012.603 2732.894 3836.191
530.2235 516.4505 467.463 436.4885 462.996 415.3545 422.2375 430.9495 464.4695 453.22 479.4605 522.727 580.32 597.043 709.512 742.2775 982.179 974.691 1089.8985 1301.8245 1696.2185 1909.167 2395.1275 3241.316 3930.0465 5224.2925
634.989 633.398 586.989 558.2155 529.8905 522.5015 537.2495 541.3475 539.534 562.431 597.028 653.478 716.3435 705.8435 860.4325 1007.783 1187.159 1395.8935 1731.122 2144.2115 2020.728 2870.6805 3378.674 4340.0485 5870.268 6189.369
788.7115 751.381 694.151 663.1895 652.929 629.3845 662.3075 661.701 689.141 752.4285 748.5485 800.336 852.8245 983.408 1082.1695 1331.2825 1346.713 1750.1905 1983.33 2305.452 3032.02 4163.609 4783.8225 5534.4665 6297.896 9694.2285
967.6305 883.1915 794.5155 803.876 765.0355 803.5765 775.1245 742.48 816.9885 860.8395 927.403 996.7295 1107.74 1140.356 1342.8565 1541.5925 1697.2735 2124.103 2747.9785 2865.4775 3804.9165 4559.3145 6383.0555 7248.023 9615.424 12142.1075
1099.4655 1042.554 995.4055 919.764 883.7115 886.8605 938.7115 934.416 944.8765 999.625 1082.1765 1100.0195 1129.2705 1304.1805 1610.9725 1881.123 2044.2665 2635.0795 2907.97 3717.1315 4633.8255 5531.763 6163.859 9054.7445 12425.97 13660.4165
1291.8745 1197.1065 1121.882 1117.1005 1085.7575 1020.5235 1062.1375 1062.0645 1096.5555 1176.5225 1224.9355 1337.086 1512.247 1614.5915 2025.1835 2082.4005 2617.156 3152.0545 3634.054 4346.854 5503.8385 7646.386 8501.5255 11030.2795 16506.416 17817.1045
1496.8165 1429.257 1299.7055 1309.175 1247.676 1251.854 1206.8175 1213.3005 1252.7085 1408.495 1409.3475 1722.345 1714.5925 1908.961 2317.982 2552.814 3059.0395 3214.089 4045.292 5168.3105 5817.2605 7490.915 9966.0465 12593.408 20788.6585 23682.2125
1735.27 1597.872 1527.2605 1436.2875 1412.426 1471.0 1371.2085 1426.031 1569.7645 1652.17 1629.921 1795.9425 2237.997 2263.9375 2846.617 2662.618 3633.9085 4091.3255 4926.5405 5914.608 8878.751 9241.544 13073.911 16877.283 25240.724 33146.929
2003.2435 1883.1185 1705.2375 1763.12 1705.648 1557.277 1559.327 1611.7565 1870.014 1903.5045 1975.73 2104.3385 2368.712 2602.7225 2791.6745 3567.0565 3897.9995 4985.223 7094.977 7164.407 8250.521 9732.9375 14107.5295 19150.3485 20859.9775 28305.754
2168.3275 2076.7565 1876.5615 1827.842 1880.626 1847.2825 1815.2535 1849.919 1913.8145 2017.4935 2208.2295 2382.9875 2670.1665 2858.603 3686.7165 4074.862 5325.4415 6477.0925 7317.5785 8561.417 12209.588 11933.3475 17462.0055 19881.947 26422.504 46227.3635
2538.5725 2288.584 2265.0175 2065.609 2009.412 2085.8655 2039.9545 2129.6345 2294.129 2407.6795 2531.192 2614.2845 2618.641 3570.893 3938.7885 4216.893 5720.438 5968.4605 7609.649 8961.7425 13513.679 14428.744 16909.628 27284.0545 33550.917 42753.7575
2887.4655 2622.1895 2399.5325 2380.954 2288.4775 2313.9355 2321.8875 2234.0035 2529.8555 2504.065 2944.5235 3077.8225 3587.728 3815.817 5010.018 4902.8035 5932.73 7119.2345 8539.9575 9970.7155 12569.797 16206.7605 23471.1555 28126.3165 40092.2695 44110.6935
2968.994 2854.831 2693.895 2624.4335 2622.225 2608.9935 2551.9025 2722.248 2795.5555 3165.638 3183.0865 3601.744 3692.101 4236.489 4671.9605 6003.025 6626.015 7914.3285 10415.6245 13021.6005 14150.033 21083.469 22525.548 31477.0955 45607.955 53574.1725
3454.4345 3263.205 3018.2245 2879.5565 2846.197 2928.6975 2924.337 2915.0385 3215.274 3119.291 3502.8595 3619.2365 4349.6665 4867.028 5682.1535 5956.7375 8051.4945 8327.0835 10988.8155 15273.2165 15389.5895 22287.515 25178.202 32023.6965 45032.695 64455.2155
3876.8325 3525.9395 3365.8845 3195.0215 3142.016 2962.5555 3212.6895 3179.361 3357.1615 3816.674 3786.5025 4145.999 4507.4835 5763.221 6048.5525 6608.353 8234.3475 11372.04 11819.634 13643.0655 17568.8145 24082.2385 29279.7595 34544.775 51671.967 67085.812
4203.554 3805.036 3664.6825 3419.184 3474.7265 3489.42 3471.029 3502.593 3798.6985 4096.121 4142.1675 4507.2465 5233.9115 6329.459 6608.689 7806.03 8756.0755 10235.8555 13699.619 15967.031 21561.4185 26596.153 31783.11 45282.0255 66397.1315 83474.7525
4629.824 4174.457 3915.608 3935.701 3774.5445 3849.301 3704.4735 4065.013 4055.588 4282.8815 4332.6155 4985.559 5482.268 5952.876 7593.3635 8767.552 11384.7255 13496.143 14947.483 19454.804 23573.9545 29240.3555 34130.1115 52822.6935 57411.6715 89421.8945
5024.6055 4622.5035 4300.7465 4052.702 4174.4265 4148.8165 4167.8495 4236.417 4294.9675 4746.1665 5294.891 5368.2945 6373.4445 6735.9225 8693.184 9020.0495 11832.1915 12793.942 15406.3425 20566.8485 25145.0425 29589.1345 46087.2755 51226.422 70735.534 87353.0405
5420.0555 4898.0815 4679.137 4436.3695 4407.6345 4482.39 4207.2265 4753.292 4871.391 5186.2075 5592.5685 5932.615 6724.8485 7625.3935 8972.7055 11154.4845 12064.556 13408.247 19001.8135 21542.603 28345.404 36618.5065 52931.076 59987.916 62810.176 103443.4505