0.0 0.2 0.4 0.6000000000000001 0.8 1.0 1.2 1.4 1.5999999999999999 1.7999999999999998 1.9999999999999998 2.1999999999999997 2.4 2.6 2.8000000000000003 3.0000000000000004
2 3 4 5 6 7 8 9 10 11 12 13 14 15 16 17 18 19

483.059 476.9075 473.889 483.582 487.353 486.7555 466.6275 462.6565 454.7065 451.557 446.5985 444.2235 432.1585 428.01 424.1855 425.865
245.3225 247.79 255.4385 249.6335 243.546 251.958 256.1265 256.499 255.1375 265.675 271.4085 275.501 275.95 289.7415 289.826 308.322
172.2 175.706 170.375 176.6435 177.631 165.459 182.226 173.671 181.67 192.0935 200.358 205.281 216.526 220.4825 223.2735 232.423
140.3915 146.5005 144.5125 141.1405 144.2635 148.377 150.14 147.935 150.253 166.7845 166.189 170.2885 167.997 182.8175 183.36 194.191
136.9975 132.0115 129.092 131.707 133.2125 134.784 141.3895 141.0355 137.2505 144.8925 143.8105 153.4345 157.6525 158.6315 169.766 169.8755
123.0925 129.279 133.1525 123.2515 125.7515 127.062 126.896 126.4125 134.658 129.4545 130.8595 137.9155 144.372 150.1995 151.3185 157.994
121.9435 123.391 122.4755 123.209 120.658 117.8395 124.66 120.3905 126.0275 122.4545 131.2115 133.8005 132.8315 137.797 137.8115 148.8205
118.553 118.505 117.949 115.236 115.714 118.656 115.955 119.7665 121.4395 121.062 122.458 122.4975 131.757 129.7515 132.501 135.451
113.8175 116.116 118.063 111.736 113.2185 114.9715 114.331 110.6175 112.0145 118.4055 116.781 117.329 125.7145 119.2735 124.867 133.1915
109.4065 111.11 108.4035 111.8635 111.5075 115.858 110.4745 110.3645 116.9685 110.4945 118.509 118.908 117.155 119.8635 122.361 123.0365
111.4285 104.429 111.4225 109.8275 107.845 114.8265 115.469 112.133 106.896 111.015 113.8755 112.8525 113.4485 117.8985 118.3435 122.547
107.525 116.129 105.171 105.823 107.3 113.0865 108.739 107.603 109.2235 104.6955 109.2185 111.5275 115.5735 117.47 116.4145 116.209
105.944 111.33 110.0355 106.8285 106.2045 107.663 109.1795 112.626 111.8575 110.637 114.704 110.883 109.9025 115.5025 115.8195 115.024
105.864 103.8525 109.8565 102.6455 110.3025 103.607 109.5215 103.686 109.8835 105.3005 106.786 107.436 106.221 108.081 108.5105 110.7085
105.692 106.833 106.115 103.0265 105.181 106.5735 102.44 103.0545 109.3845 104.9505 104.164 107.3325 104.6585 106.4745 111.1655 107.8845
103.6965 104.544 110.1025 103.9485 102.286 107.7385 102.607 99.4945 111.55 99.7685 108.224 106.737 100.7765 109.3265 109.8475 110.343
105.6565 104.91 101.953 107.6485 108.205 106.9055 107.1765 103.97 107.242 105.4975 110.2145 106.4205 106.428 107.157 106.9155 113.388
105.522 106.337 107.7375 108.597 106.446 106.9565 106.006 105.143 104.5975 101.8515 105.794 104.9605 106.467 101.6925 104.284 106.056