0.0 0.2 0.4 0.6000000000000001 0.8 1.0 1.2 1.4 1.5999999999999999 1.7999999999999998 1.9999999999999998 2.1999999999999997 2.4 2.6 2.8000000000000003 3.0000000000000004
2 3 4 5 6 7 8 9 10 11 12 13 14 15 16 17 18 19

493.589 469.9785 472.0295 479.0055 471.0185 474.0635 484.682 436.044 448.891 447.276 420.55 423.6205 417.8305 422.729 406.9205 414.966
256.497 249.9275 245.0075 245.994 232.425 242.6105 245.8585 249.385 245.521 242.192 249.1245 256.4245 268.9555 277.894 265.423 261.395
176.3095 170.186 167.087 169.2675 166.7775 174.631 174.586 176.0565 174.8 187.4165 188.557 181.0065 203.036 200.9045 207.3245 222.671
140.7715 142.8595 143.066 146.3935 144.7165 150.6825 147.123 140.3605 153.459 155.5365 161.0965 155.746 162.43 180.514 169.3055 188.9585
130.231 137.867 132.953 127.89 132.547 132.31 136.7255 132.5955 130.938 137.6845 146.374 143.6345 144.231 150.467 152.001 154.7765
119.4825 122.4215 128.1245 121.749 124.2355 124.3555 125.501 129.4975 125.455 138.3405 131.4925 132.54 130.4505 137.9585 142.426 144.8105
122.538 116.5885 119.263 115.7525 122.639 116.1665 117.0305 119.2275 126.164 131.118 123.3225 122.2625 129.395 134.379 133.0985 145.2065
115.9495 112.721 119.0265 112.103 118.4755 115.62 112.245 115.0835 112.8615 118.048 119.21 122.208 120.37 128.15 122.16 135.1445
109.5715 111.561 112.3705 113.3685 106.1865 107.446 120.661 109.5155 110.9335 114.974 112.415 112.574 119.8305 117.9515 122.8205 123.2865
113.2975 114.2265 108.8365 110.103 110.4185 105.252 108.0425 115.4115 109.495 114.548 111.363 114.5205 114.1025 111.8435 116.863 122.1715
113.037 109.652 110.288 106.8895 103.394 109.9265 108.451 110.914 107.865 111.3495 111.584 110.783 108.5305 116.556 115.1945 117.526
110.2785 103.359 104.595 107.347 103.224 112.1785 105.358 109.743 111.15 110.9035 103.99 113.587 108.478 109.928 111.831 109.143
106.1205 106.1965 106.97 105.8485 104.2445 104.434 104.5425 109.27 106.5715 106.8035 104.9845 106.139 107.528 107.0335 109.544 112.0775
110.3475 110.0755 106.202 100.3315 103.5825 106.419 111.843 108.418 102.815 105.149 110.6975 106.703 102.9555 105.0345 110.9515 107.3095
109.896 107.6045 106.557 100.4935 109.0855 105.58 106.895 102.9385 105.3195 102.215 105.0355 108.9775 110.1175 109.3715 108.0055 107.2055
99.581 103.3585 103.1015 105.098 104.6665 101.028 102.6555 110.06 106.4595 99.398 101.8495 107.1865 107.2445 106.6915 111.289 106.11
101.9815 103.4815 109.4265 106.309 103.924 107.0035 106.646 99.7985 106.649 106.454 105.67 105.051 108.242 102.3725 105.5395 109.722
102.433 108.561 105.413 104.845 101.9615 109.045 102.516 103.012 100.8685 105.437 108.532 102.5975 105.228 104.5485 106.824 101.7865