0.0 0.2 0.4 0.6000000000000001 0.8 1.0 1.2 1.4 1.5999999999999999 1.7999999999999998 1.9999999999999998 2.1999999999999997 2.4 2.6 2.8000000000000003 3.0000000000000004
2 3 4 5 6 7 8 9 10 11 12 13 14 15 16 17 18 19

748.612 756.508 739.052 753.088 741.552 737.108 725.424 726.814 737.488 732.734 728.366 728.71 712.188 705.076 715.522 709.174
572.858 562.406 545.674 561.262 546.812 537.428 520.068 535.822 532.704 553.74 521.258 535.242 543.198 513.334 538.306 540.85
446.468 446.026 456.196 453.354 428.984 453.286 445.418 445.582 435.968 435.452 459.16 454.298 475.152 465.798 471.478 455.464
370.312 370.552 383.356 383.73 370.354 386.262 368.362 379.16 381.06 386.832 379.058 397.706 431.744 441.756 432.12 469.128
343.916 341.252 348.154 356.97 326.68 337.448 349.688 338.066 354.456 363.014 382.172 364.17 378.362 408.398 411.05 400.63
316.982 317.26 320.892 323.552 308.844 319.722 313.866 321.174 342.392 325.038 332.572 349.57 338.842 355.812 372.46 359.386
311.582 306.17 316.276 306.534 300.572 284.402 308.042 315.072 307.674 321.486 310.316 338.87 342.94 329.486 339.716 373.274
295.688 303.574 296.216 300.18 294.964 301.004 298.94 290.906 301.558 304.61 306.134 307.802 313.026 346.062 332.5 325.598
282.234 278.628 284.02 273.512 289.528 287.698 285.17 285.41 283.028 277.066 301.162 290.19 306.088 313.262 324.868 323.048
270.816 283.598 276.788 296.56 288.168 270.358 282.136 271.822 286.944 280.818 296.538 298.308 280.402 294.416 315.662 318.076
291.25 287.822 267.672 282.874 267.262 276.216 283.174 290.29 271.09 283.304 280.63 289.936 283.224 280.484 288.658 292.778
275.348 284.164 269.376 270.246 272.22 265.752 278.354 255.82 272.954 279.798 275.076 290.872 277.062 276.762 281.802 273.018
267.638 278.92 282.726 267.712 263.872 289.512 262.612 269.518 272.142 265.402 271.15 274.398 275.146 273.752 285.2 290.27
285.57 274.288 267.386 265.564 274.928 265.176 257.76 267.018 263.68 263.58 270.232 265.434 271.516 283.44 256.934 278.174
270.078 268.354 270.268 269.146 260.924 264.098 264.184 268.246 255.158 261.286 268.83 263.902 265.764 270.61 271.304 281.854
258.612 269.428 261.534 274.394 258.144 263.136 267.434 265.878 262.502 275.444 264.056 253.706 268.634 265.966 269.61 261.088
260.466 267.236 254.058 260.002 267.65 270.222 264.848 264.288 266.756 272.884 253.792 261.028 260.65 265.25 262.504 269.99
264.326 265.39 270.96 263.43 267.384 255.608 268.06 263.914 265.498 250.106 261.174 254.908 264.262 269.048 257.816 255.924