0.0 0.2 0.4 0.6000000000000001 0.8 1.0 1.2 1.4 1.5999999999999999 1.7999999999999998 1.9999999999999998 2.1999999999999997 2.4 2.6 2.8000000000000003 3.0000000000000004
2 3 4 5 6 7 8 9 10 11 12 13 14 15 16 17 18 19

771.374 769.614 775.166 774.08 770.716 768.304 764.568 777.964 765.502 761.278 757.14 768.192 761.042 764.588 759.492 757.568
665.804 647.642 664.02 635.058 625.116 646.506 641.916 625.272 653.332 625.44 651.202 632.72 647.01 665.454 651.718 663.604
535.566 530.56 543.844 531.656 538.048 539.478 549.812 585.054 540.87 559.336 571.092 573.464 573.07 600.982 588.978 597.16
469.47 454.18 468.98 489.26 479.542 477.77 498.288 469.996 505.772 488.316 517.238 538.506 559.038 532.438 557.708 549.32
443.02 432.944 421.406 438.974 426.824 432.762 423.216 457.35 469.59 483.204 499.424 494.724 494.816 513.002 504.956 534.946
402.858 396.408 410.07 417.258 399.846 414.458 417.698 413.618 440.238 449.288 434.918 450.192 480.164 470.65 488.046 487.25
384.928 395.082 389.594 394.18 384.82 398.03 396.002 399.784 404.358 395.788 429.39 434.46 456.17 459.44 456.436 468.694
361.27 366.718 379.368 379.278 361.538 385.254 377.036 379.372 385.638 398.044 410.788 421.36 428.43 425.282 448.442 444.93
360.084 336.6 361.008 360.35 368.136 360.606 371.382 387.142 389.35 378.292 375.14 392.638 407.49 413.766 408.008 419.554
347.948 349.392 357.124 365.326 345.044 362.27 354.982 362.136 379.636 362.996 362.688 367.306 388.616 373.45 419.226 391.282
335.916 352.502 358.68 353.696 343.812 350.658 350.65 359.95 346.108 353.758 368.616 372.398 377.976 397.024 374.37 400.898
334.902 344.858 346.102 348.386 335.354 349.688 336.2 345.874 333.532 346.214 356.914 377.012 361.716 363.84 397.328 370.792
339.7 326.56 331.214 344.53 337.51 337.804 342.324 348.86 324.618 355.912 349.992 349.02 349.65 362.99 386.374 358.446
318.298 329.67 333.292 341.812 324.328 352.098 342.572 329.094 335.524 337.874 342.366 342.566 344.56 345.628 340.498 349.01
315.066 334.142 325.372 316.636 337.802 341.874 332.926 325.668 336.326 349.276 328.28 329.698 337.02 330.994 340.608 340.056
330.906 320.26 326.8 314.908 307.296 330.694 335.132 327.572 328.998 325.944 319.048 311.202 320.002 335.74 321.488 328.31
326.838 335.726 332.282 321.7 324.012 321.532 331.842 320.908 318.54 327.952 319.48 322.204 314.48 332.472 324.22 315.272
332.644 330.572 328.108 324.374 329.238 325.754 323.318 330.918 325.74 313.756 316.904 316.748 314.458 329.988 308.532 317.01