0.0 0.2 0.4 0.6000000000000001 0.8 1.0 1.2 1.4 1.5999999999999999 1.7999999999999998 1.9999999999999998 2.1999999999999997 2.4 2.6 2.8000000000000003 3.0000000000000004
2 3 4 5 6 7 8 9 10 11 12 13 14 15 16 17 18 19

629.8916666666667 578.185 590.705 580.9766666666667 571.2266666666667 521.8916666666667 496.1816666666667 484.635 497.945 464.03833333333336 431.32 408.635 461.7083333333333 406.18666666666667 390.225 396.71166666666664
229.735 243.11666666666667 235.55166666666668 242.455 209.93833333333333 209.50333333333333 194.41166666666666 216.14833333333334 223.405 200.095 186.21833333333333 230.605 225.98666666666668 224.65833333333333 227.925 238.45833333333334
157.835 161.28833333333333 148.97333333333333 142.58 147.97166666666666 137.93333333333334 136.88833333333332 140.25333333333333 133.60333333333332 130.995 137.615 140.60333333333332 149.195 152.53 187.73666666666668 162.37166666666667
121.44833333333334 119.09833333333333 133.415 107.07333333333334 126.145 111.62333333333333 120.825 116.91833333333334 118.96166666666667 128.04166666666666 111.115 105.20333333333333 150.095 109.325 124.95333333333333 127.73
119.46833333333333 109.895 123.77333333333333 112.51833333333333 103.14333333333333 106.86333333333333 108.44666666666667 104.42666666666666 104.965 101.44 101.65 112.735 118.52666666666667 116.28333333333333 101.51666666666667 125.17333333333333
120.80166666666666 114.31 119.37833333333333 104.36333333333333 102.20166666666667 98.42833333333333 90.27166666666666 95.84666666666666 103.22 102.35666666666667 104.475 93.04166666666667 105.615 116.53666666666666 97.18833333333333 104.06666666666666
105.025 117.515 108.41833333333334 97.65666666666667 96.53666666666666 98.255 82.565 95.48333333333333 95.67833333333333 108.97333333333333 97.33 103.185 92.58333333333333 101.90166666666667 96.745 105.40333333333334
104.08666666666667 99.69666666666667 95.90333333333334 94.57666666666667 95.45 100.10666666666667 97.66 87.62 98.77 99.07833333333333 97.88166666666666 104.28 98.31166666666667 106.78666666666666 97.34666666666666 90.28666666666666
97.63333333333334 98.33833333333334 97.50833333333334 102.99333333333334 86.06 99.86333333333333 99.92666666666666 91.03666666666666 91.87333333333333 86.18333333333334 90.61833333333334 93.90333333333334 93.97166666666666 88.65666666666667 97.49666666666667 106.61166666666666
100.66833333333334 92.95 98.84 101.87666666666667 90.11166666666666 93.54 92.28166666666667 98.98333333333333 88.59666666666666 91.195 82.36 91.78 90.13333333333334 87.19666666666667 85.79666666666667 89.06833333333333
96.75 92.03 92.79833333333333 95.65333333333334 92.575 93.775 90.77833333333334 87.87333333333333 93.565 89.1 94.79666666666667 94.14166666666667 94.58166666666666 88.185 83.35666666666667 85.76
88.325 108.12666666666667 87.64333333333333 87.81333333333333 94.18333333333334 93.52666666666667 85.35166666666667 83.81333333333333 83.22833333333334 98.96833333333333 89.515 82.42833333333333 94.585 83.735 76.48833333333333 94.695
94.74166666666666 95.39833333333333 90.81333333333333 94.035 91.15666666666667 90.67 85.72666666666667 85.45833333333333 85.67333333333333 87.28166666666667 82.91333333333333 80.205 91.64166666666667 96.10666666666667 87.41 97.13833333333334
104.25666666666666 86.87 89.11666666666666 87.32 91.76666666666667 89.55333333333333 92.46666666666667 92.60333333333334 92.62666666666667 81.27666666666667 93.52666666666667 93.95166666666667 83.58 91.67833333333333 92.94333333333333 102.07166666666667
99.46 96.49 91.44833333333334 89.43833333333333 91.52833333333334 90.98 88.145 86.53333333333333 81.30166666666666 92.37833333333333 98.29666666666667 92.85 86.30833333333334 79.66 93.29333333333334 88.69666666666667
97.84 92.51166666666667 92.41 96.07666666666667 85.26833333333333 96.00833333333334 91.5 84.91333333333333 90.92166666666667 89.465 93.96166666666667 82.33666666666667 81.435 81.28166666666667 86.05333333333333 85.05166666666666
96.20666666666666 90.695 97.065 89.69166666666666 90.32333333333334 91.64166666666667 88.89333333333333 84.86 94.23833333333333 90.75833333333334 86.08 93.72833333333334 98.89166666666667 85.19666666666667 89.34 105.50166666666667
89.58166666666666 90.08 99.91 98.24166666666666 83.70333333333333 94.77666666666667 88.84333333333333 82.86666666666666 91.295 91.04666666666667 94.41833333333334 84.19166666666666 90.57 96.025 91.47166666666666 99.57166666666667