0.0 0.2 0.4 0.6000000000000001 0.8 1.0 1.2 1.4 1.5999999999999999 1.7999999999999998 1.9999999999999998 2.1999999999999997 2.4 2.6 2.8000000000000003 3.0000000000000004
2 3 4 5 6 7 8 9 10 11 12 13 14 15 16 17 18 19

477.408 479.3825 471.5745 469.5135 457.692 452.4995 436.53 446.9005 433.563 423.482 411.6525 403.552 395.8905 370.2615 394.9795 392.2185
248.6215 246.1375 241.867 244.328 224.806 227.101 233.437 238.891 230.264 237.1355 238.196 228.147 250.622 250.2305 250.202 248.8625
168.4485 164.743 162.8135 164.666 160.988 158.1985 161.668 166.126 160.7155 178.652 183.0065 173.6945 192.861 192.4405 196.144 198.5505
147.3475 141.1175 141.7245 141.332 137.1885 137.6775 134.955 141.302 140.0195 146.7965 156.6855 152.441 158.5345 153.246 162.1625 175.973
134.468 134.4485 124.9985 128.494 127.2425 132.4665 136.003 130.521 131.8475 132.313 139.9785 143.671 142.767 136.2655 153.382 154.316
121.4275 124.191 119.707 119.1885 121.3585 121.134 124.163 120.0925 123.193 120.2095 124.8285 126.3445 127.915 129.0395 133.5645 137.2575
120.299 120.7085 114.39 113.057 116.3365 118.479 117.9655 114.4205 113.1465 119.628 116.2525 128.113 120.2145 127.22 126.032 138.15
114.4015 119.177 111.9085 110.459 116.2875 108.1495 105.7245 112.408 113.685 105.3195 112.1505 115.3035 111.111 119.618 119.7535 126.7525
110.639 115.874 109.403 109.1675 114.02 111.201 109.424 110.3505 112.3415 111.623 106.789 117.091 120.1195 115.744 119.8525 117.568
112.169 110.873 109.8385 108.661 104.8865 109.004 107.161 106.315 102.7865 110.159 109.5575 111.571 108.2555 115.9785 111.7785 107.588
110.8475 111.4625 105.155 108.173 109.955 102.522 108.243 102.2755 100.59 112.127 110.51 111.86 109.4345 104.7195 112.2945 113.505
110.3545 109.224 105.332 104.5375 107.102 108.154 109.4305 100.372 99.3805 103.3625 106.445 107.0855 106.408 106.477 109.873 108.621
105.4515 105.4385 102.013 108.482 106.0815 106.634 104.387 106.7865 104.342 106.183 101.242 105.403 109.8425 108.94 105.1545 107.3485
105.01 106.283 103.711 105.796 105.0825 99.6895 103.589 108.0475 107.119 106.1295 107.561 104.8775 102.2275 105.642 104.4715 109.7755
105.565 105.1275 105.92 105.5885 106.2965 102.176 106.1475 109.5575 102.12 99.18 101.302 104.556 107.341 106.804 109.1435 107.357
108.052 104.0365 102.9835 104.2875 105.086 104.0015 107.4355 104.8805 104.401 107.8095 102.662 103.817 102.1315 108.2315 104.939 99.878
99.239 106.1535 105.524 107.342 97.5975 102.603 103.662 104.1635 104.9245 103.5755 101.915 106.77 103.048 104.308 108.289 107.287
102.301 103.1445 106.2245 100.3805 102.2005 99.034 103.6495 106.1665 110.0775 101.272 104.559 106.5115 102.9795 106.1685 106.0845 107.1585