0.0 0.2 0.4 0.6000000000000001 0.8 1.0 1.2 1.4 1.5999999999999999 1.7999999999999998 1.9999999999999998 2.1999999999999997 2.4 2.6 2.8000000000000003 3.0000000000000004
2 3 4 5 6 7 8 9 10 11 12 13 14 15 16 17 18 19

721.6 692.44 705.68 742.08 667.46 682.66 682.06 692.7 674.9 651.68 666.14 638.54 621.46 578.62 579.36 504.92
546.32 522.66 471.18 408.82 461.58 437.36 371.48 346.14 281.0 268.58 261.8 250.72 315.32 320.92 296.3 283.9
375.5 340.22 328.26 290.28 302.3 259.42 260.78 302.92 246.58 265.0 269.72 282.44 260.02 205.5 225.9 213.94
280.76 296.46 325.14 259.08 235.36 257.1 212.72 265.78 231.96 196.96 237.52 197.08 209.2 233.42 274.76 204.5
298.92 278.54 292.24 281.16 217.68 233.14 236.52 231.72 208.76 234.04 225.54 188.52 204.78 177.04 197.26 226.3
292.48 269.38 223.36 237.24 213.88 228.0 227.26 205.64 236.22 193.44 247.74 206.66 193.06 198.88 187.34 201.2
251.12 275.34 224.58 264.64 269.06 189.48 241.38 191.54 178.64 204.92 258.78 228.98 177.78 205.88 191.02 189.48
213.98 234.12 224.3 227.36 202.88 214.8 215.76 200.68 204.88 214.56 207.74 194.06 175.72 189.02 187.08 179.9
276.8 252.22 203.0 244.96 202.82 179.24 204.32 196.58 243.26 163.06 178.38 182.74 176.38 187.92 193.92 162.64
249.54 243.92 207.76 200.6 210.34 203.22 170.54 179.66 196.86 160.92 204.0 200.4 157.74 162.28 178.88 173.38
269.18 283.52 228.04 200.92 199.76 219.96 222.74 187.86 196.6 181.9 174.12 204.78 217.48 185.54 185.12 192.48
222.42 264.5 204.34 257.88 227.8 194.8 185.44 183.22 231.5 167.72 198.22 185.04 218.16 193.36 175.2 189.92
206.0 233.76 234.82 220.58 208.96 200.34 248.02 203.42 229.24 177.04 200.56 209.3 205.2 192.9 206.04 190.96
210.68 232.24 234.94 269.42 191.34 220.04 203.74 238.82 228.44 169.82 229.08 222.88 207.02 245.46 189.54 200.16
237.16 229.2 206.32 214.36 228.32 221.52 230.74 286.5 209.52 212.52 179.06 225.42 209.74 224.62 233.24 181.88
261.44 225.72 229.28 201.38 196.7 211.18 226.68 263.44 213.22 221.18 195.28 182.38 220.76 185.44 209.16 200.52
227.84 255.28 199.08 229.14 239.94 205.48 230.84 223.1 226.74 211.08 217.58 225.48 254.56 205.04 212.38 223.48
233.84 212.96 233.34 196.64 179.4 264.14 200.0 218.7 257.36 234.98 213.62 258.3 193.3 224.1 203.1 240.54