0.0 0.2 0.4 0.6000000000000001 0.8 1.0 1.2 1.4 1.5999999999999999 1.7999999999999998 1.9999999999999998 2.1999999999999997 2.4 2.6 2.8000000000000003 3.0000000000000004
2 3 4 5 6 7 8 9 10 11 12 13 14 15 16 17 18 19

795.474 795.952 797.144 795.364 795.048 795.236 793.582 790.95 792.78 788.8 791.468 786.728 785.938 783.244 779.198 776.678
770.764 769.88 764.372 758.858 754.92 744.064 754.724 737.592 722.06 723.362 715.242 693.222 689.33 689.27 668.406 682.362
664.414 640.706 653.424 634.324 619.734 625.05 615.776 616.442 598.54 602.978 562.856 600.006 582.3 594.182 587.662 570.854
597.888 605.6 601.484 587.864 569.276 572.66 557.464 573.15 558.468 572.432 557.24 576.586 569.014 568.832 565.814 564.81
555.354 562.458 535.138 524.734 524.544 551.71 533.52 523.796 532.448 541.464 519.93 516.468 532.444 519.138 528.92 531.284
496.624 485.966 490.212 473.146 481.304 486.424 465.516 470.116 481.476 461.314 487.244 505.266 492.386 480.846 496.162 505.218
463.636 464.088 447.348 460.334 439.732 462.846 453.252 440.068 444.808 451.092 474.652 460.542 475.184 482.336 467.484 508.67
480.944 475.406 479.592 477.028 459.538 470.152 461.202 481.23 454.328 464.526 473.412 468.672 463.624 470.972 465.242 477.528
494.958 495.902 478.908 487.49 488.238 477.49 467.728 492.978 475.882 480.276 485.858 477.646 487.226 478.21 492.548 487.152
456.644 465.574 445.704 437.804 450.816 440.022 449.732 431.738 436.696 465.31 457.512 444.354 438.27 460.11 445.276 425.62
426.436 436.974 421.554 446.078 452.562 440.52 430.114 421.26 407.606 430.168 426.914 450.838 443.892 449.876 427.086 446.98
459.43 445.75 463.964 461.368 449.15 460.558 450.496 444.578 453.814 453.74 459.442 478.156 447.402 443.394 449.054 460.09
457.746 446.658 466.436 463.296 458.5 455.33 448.49 445.8 453.552 444.278 450.39 457.502 433.582 456.102 441.018 451.87
486.602 493.61 469.964 478.646 459.642 477.604 480.96 461.466 458.198 486.234 464.072 470.662 468.928 467.432 467.576 466.516
475.02 471.508 440.982 449.21 440.112 434.414 448.648 438.992 455.04 429.994 443.192 444.856 434.714 428.478 433.848 430.026
465.716 460.696 459.102 453.24 466.948 444.984 449.144 436.824 453.46 442.908 439.662 449.572 429.082 463.812 449.474 448.102
445.29 444.72 440.354 457.804 438.354 429.116 447.332 436.54 440.936 440.008 432.752 449.318 437.888 427.468 440.772 434.084
425.632 426.06 423.892 431.618 421.596 442.422 433.25 430.868 438.85 434.002 421.37 428.278 433.41 413.11 425.044 427.512