0.0 0.2 0.4 0.6000000000000001 0.8 1.0 1.2 1.4 1.5999999999999999 1.7999999999999998 1.9999999999999998 2.1999999999999997 2.4 2.6 2.8000000000000003 3.0000000000000004
2 3 4 5 6 7 8 9 10 11 12 13 14 15 16 17 18 19

769.678 773.522 773.704 767.118 768.316 753.778 764.022 755.146 744.292 744.454 736.634 713.782 702.206 718.214 691.874 681.002
644.4 633.3 598.544 591.192 575.372 534.322 532.85 496.246 471.28 462.466 447.864 428.746 441.274 393.38 392.378 385.204
534.026 504.178 482.676 488.538 456.604 423.642 392.616 411.224 382.596 371.566 365.112 356.444 361.188 338.16 344.208 339.196
476.428 451.072 408.35 401.72 395.264 378.676 369.352 357.792 358.216 344.608 342.592 345.438 342.504 313.702 314.654 299.572
428.008 426.14 388.124 381.26 369.692 373.434 354.296 334.28 323.238 319.142 317.552 325.798 303.462 310.834 297.07 289.74
392.124 381.34 346.83 348.256 348.71 345.68 321.912 331.668 322.48 301.726 301.23 298.136 319.092 287.352 304.134 279.356
365.868 365.562 363.724 343.58 336.29 332.046 316.474 307.054 313.136 304.43 309.07 303.122 291.308 297.842 292.086 273.394
355.312 362.9 344.484 334.802 322.36 305.996 312.836 307.03 332.622 291.984 284.774 275.332 292.242 275.85 286.482 285.574
348.672 347.938 339.928 326.82 324.83 314.03 312.822 303.56 298.74 276.586 288.29 289.34 291.332 287.688 306.698 280.26
348.294 350.076 337.45 336.818 312.978 310.148 302.112 296.688 286.492 294.656 282.138 282.752 275.216 283.428 278.462 275.434
348.182 329.292 319.612 320.804 306.896 320.722 297.24 302.172 289.78 307.038 293.344 294.418 292.298 286.922 287.106 285.08
344.348 333.55 324.288 318.724 305.618 317.466 303.704 306.188 306.062 287.828 285.09 289.172 296.66 296.308 277.986 285.318
333.208 329.032 313.874 320.11 307.178 315.89 296.778 315.21 305.128 302.196 297.81 278.274 286.314 298.334 296.798 287.092
358.02 325.794 328.092 331.806 306.178 314.262 302.1 314.528 300.838 296.804 303.836 291.422 293.788 304.984 299.06 289.966
310.01 321.812 322.046 328.348 322.256 325.38 308.15 312.722 314.666 305.44 304.008 301.624 302.18 309.424 302.882 305.694
335.174 324.33 329.194 320.942 329.484 307.502 316.856 309.886 304.592 319.112 303.024 310.46 313.55 309.934 317.626 293.512
329.256 327.494 317.342 315.716 307.736 331.068 317.676 315.468 314.458 324.154 315.15 314.738 307.484 308.454 320.758 315.802
326.244 323.402 316.626 313.48 328.426 333.544 324.974 323.064 325.36 316.81 327.806 333.178 311.558 328.754 327.05 311.556