0.0 0.2 0.4 0.6000000000000001 0.8 1.0 1.2 1.4 1.5999999999999999 1.7999999999999998 1.9999999999999998 2.1999999999999997 2.4 2.6 2.8000000000000003 3.0000000000000004
2 3 4 5 6 7 8 9 10 11 12 13 14 15 16 17 18 19

657.272 642.396 648.396 615.304 612.452 620.312 588.374 581.422 538.96 535.652 532.932 507.744 481.942 486.818 479.4 457.484
396.966 380.14 368.91 329.138 334.004 304.25 277.856 281.39 262.398 276.444 273.994 253.116 271.674 236.368 248.414 220.918
275.632 254.222 243.978 245.61 221.732 207.89 202.48 185.772 196.912 184.608 186.552 170.056 172.996 170.322 163.262 189.104
277.42 268.762 262.694 237.838 236.184 229.324 211.784 217.294 191.96 207.046 190.268 191.976 190.682 197.874 191.01 183.576
226.626 212.07 207.742 200.294 197.512 192.098 177.726 181.65 179.68 174.168 162.362 164.612 165.666 152.846 177.136 163.236
240.254 223.12 213.08 193.104 192.72 201.374 187.222 180.05 172.274 177.446 177.652 182.762 173.16 174.508 165.982 169.964
163.422 155.762 150.826 149.95 149.882 156.1 137.342 129.552 138.706 141.272 130.378 127.286 122.614 120.916 127.074 132.984
163.882 163.766 149.53 154.442 150.342 140.948 149.54 133.24 140.162 135.45 128.55 129.946 128.406 138.748 135.772 133.862
196.388 195.694 183.666 177.074 171.28 169.738 167.838 168.748 168.576 165.556 167.722 160.146 149.796 152.982 169.158 167.022
191.312 193.614 189.874 183.034 164.884 171.566 161.776 160.118 169.222 165.87 157.748 153.536 160.502 164.33 159.612 148.858
211.902 217.854 191.362 186.49 179.416 176.816 174.672 178.708 166.968 160.412 173.376 170.57 167.656 148.366 152.314 160.808
192.518 184.424 180.094 170.294 167.47 162.712 168.522 163.748 156.984 158.968 157.7 155.52 155.308 155.272 148.816 147.544
188.356 184.574 185.642 184.066 180.492 172.852 180.504 176.148 172.064 172.552 169.362 173.056 168.37 168.906 167.132 163.956
173.068 165.298 161.608 154.432 157.894 156.338 150.812 153.592 154.292 148.204 142.974 149.522 141.756 138.096 142.1 143.964
188.934 180.102 186.71 185.766 178.86 181.224 170.93 177.446 178.204 165.59 156.396 158.918 162.3 167.562 158.552 160.094
204.582 187.28 188.686 192.092 187.478 183.188 199.012 184.378 186.658 186.408 190.424 176.546 177.128 183.444 179.998 182.782
173.54 172.48 163.742 168.528 157.99 164.316 166.936 153.996 159.872 165.654 166.092 156.87 153.494 156.334 165.202 159.49
207.182 210.974 217.778 203.338 213.498 216.814 202.172 207.318 214.808 204.442 209.072 209.618 206.93 212.01 222.398 206.69