0.0 0.2 0.4 0.6000000000000001 0.8 1.0 1.2 1.4 1.5999999999999999 1.7999999999999998 1.9999999999999998 2.1999999999999997 2.4 2.6 2.8000000000000003 3.0000000000000004
2 3 4 5 6 7 8 9 10 11 12 13 14 15 16 17 18 19

602.22 644.974 629.08 646.276 626.494 647.552 625.51 609.078 614.368 634.502 607.114 620.518 618.462 613.496 621.086 616.636
437.636 432.83 431.432 444.868 432.366 449.188 453.596 488.828 452.506 490.014 498.114 483.038 506.752 500.912 508.56 505.412
246.608 251.014 261.964 267.796 257.31 258.538 284.848 267.638 304.176 316.382 318.642 316.35 335.436 377.888 361.474 368.862
263.034 272.872 288.11 286.704 279.57 293.918 278.828 310.54 308.674 350.342 347.034 347.846 365.516 389.338 378.266 423.558
199.394 196.012 194.358 196.448 204.79 198.772 213.868 212.426 230.864 229.798 256.158 252.708 283.102 301.608 290.292 288.27
206.672 215.2 222.854 232.542 213.17 230.136 232.936 241.164 257.72 240.35 239.072 268.594 266.77 276.054 303.674 336.692
189.98 196.556 202.052 194.368 200.842 200.814 200.738 202.586 217.336 205.606 216.44 233.466 240.482 241.492 245.634 275.936
189.65 194.088 200.878 201.486 197.128 201.544 206.784 215.486 219.068 220.61 223.346 234.208 248.652 245.062 247.37 264.48
152.908 160.974 153.818 170.358 161.856 164.686 177.318 171.93 169.976 182.696 171.538 176.752 172.638 177.112 196.298 198.236
168.44 152.11 167.11 167.17 171.856 156.16 161.566 164.524 184.32 159.856 177.138 171.758 169.828 169.138 187.764 187.366
132.836 142.152 140.266 146.722 142.746 146.168 134.37 143.582 135.93 141.684 152.822 144.684 153.204 155.062 173.78 174.2
197.484 201.86 194.402 187.474 196.468 194.496 202.018 194.122 198.274 199.706 209.252 199.47 211.336 204.818 225.324 211.89
188.312 192.592 191.124 186.3 197.202 198.662 189.568 199.834 196.842 200.344 199.486 206.24 200.812 202.082 212.03 203.432
160.684 167.668 155.796 154.428 166.246 149.662 155.108 159.022 154.838 167.328 155.15 156.264 166.27 160.402 163.778 157.99
163.028 151.07 156.834 161.684 160.298 163.71 157.624 163.196 161.564 171.114 169.742 169.142 161.202 165.662 168.604 164.556
141.92 148.97 147.428 142.43 151.378 149.058 148.094 150.9 138.616 148.482 147.918 157.508 147.054 153.886 149.696 147.182
192.958 193.376 196.192 201.176 198.28 188.544 196.68 207.244 189.964 195.498 196.324 205.4 207.414 203.65 210.904 206.502
179.378 184.708 176.31 181.742 176.232 188.13 190.968 181.504 174.778 178.85 177.204 186.82 181.916 175.966 185.008 180.95