0.0 0.2 0.4 0.6000000000000001 0.8 1.0 1.2 1.4 1.5999999999999999 1.7999999999999998 1.9999999999999998 2.1999999999999997 2.4 2.6 2.8000000000000003 3.0000000000000004
2 3 4 5 6 7 8 9 10 11 12 13 14 15 16 17 18 19

489.896 470.274 498.638 446.884 470.54 429.932 422.612 399.334 370.444 377.302 379.546 350.606 354.824 329.116 325.22 341.38
251.354 248.968 216.288 228.782 216.402 200.302 206.448 202.222 186.456 189.096 197.122 181.27 185.502 174.188 199.232 179.33
180.978 152.302 155.67 154.482 142.192 145.128 158.496 142.186 150.816 157.462 149.488 140.342 131.824 139.474 145.476 162.976
140.152 140.568 146.192 130.446 128.688 121.508 137.13 113.096 121.048 125.394 131.636 117.46 129.432 130.652 126.652 115.938
134.07 126.528 123.052 122.562 131.42 117.582 120.352 113.202 113.812 117.294 107.89 115.476 120.41 116.5 120.202 109.518
127.49 120.504 118.216 116.984 115.286 108.422 105.546 106.048 91.086 111.178 104.886 112.416 99.62 117.126 112.522 125.046
130.36 116.48 118.63 106.302 108.826 109.166 104.578 110.47 104.346 108.31 107.602 96.876 100.656 101.714 96.534 99.652
105.638 121.192 103.918 105.326 110.404 107.272 93.144 107.312 100.694 106.458 101.242 105.382 101.192 106.938 111.7 102.646
104.214 119.158 115.8 106.802 99.764 107.622 94.87 106.194 91.99 98.682 100.664 92.522 100.568 99.126 105.424 100.97
111.572 107.35 108.68 107.04 108.41 107.106 97.458 103.84 103.542 97.026 105.542 94.3 110.998 93.894 103.486 106.824
109.754 109.864 108.122 110.098 106.17 99.456 103.754 103.788 99.978 95.022 105.272 100.946 97.34 102.884 96.046 106.5
109.032 118.328 109.602 105.628 103.628 100.608 94.716 101.988 98.234 93.88 98.648 89.78 102.49 90.516 106.38 98.918
110.0 105.638 100.286 114.548 100.798 99.588 93.25 103.332 97.224 103.268 102.212 98.576 95.782 95.676 99.062 91.062
111.408 106.192 103.742 102.17 99.382 101.45 100.708 85.346 97.976 96.454 101.372 105.808 101.406 98.32 92.594 103.328
117.202 104.086 101.278 99.726 105.244 101.76 98.288 99.246 104.542 103.604 94.38 104.332 99.802 101.132 91.406 94.378
107.724 106.132 106.99 96.292 100.604 101.826 104.158 109.062 107.308 99.85 99.04 96.92 104.826 104.224 100.582 92.938
103.744 93.382 104.186 106.59 96.074 104.47 98.496 102.77 95.642 98.502 103.776 99.244 107.244 104.518 104.976 97.004
108.948 97.954 97.602 100.934 100.744 104.81 111.504 101.65 99.064 111.302 104.864 102.388 104.806 102.572 104.658 114.218