0.0 0.2 0.4 0.6000000000000001 0.8 1.0 1.2 1.4 1.5999999999999999 1.7999999999999998 1.9999999999999998 2.1999999999999997 2.4 2.6 2.8000000000000003 3.0000000000000004
2 3 4 5 6 7 8 9 10 11 12 13 14 15 16 17 18 19

926.686 938.738 952.606 905.702 855.684 900.154 888.818 908.702 869.942 873.966 812.46 864.842 850.142 831.71 888.92 860.516
351.484 353.32 381.654 361.59 381.608 352.998 368.598 404.346 399.582 397.948 422.438 437.216 491.5 509.138 544.376 545.096
207.022 236.934 204.984 206.426 226.254 214.22 240.804 260.77 267.922 282.578 299.692 316.782 309.98 329.7 384.58 391.372
173.462 177.544 179.762 183.668 180.148 183.596 177.018 192.034 209.668 215.166 210.192 245.662 275.4 250.746 280.456 301.958
171.508 164.428 165.064 171.352 169.324 157.306 172.0 176.408 195.444 183.684 199.372 195.528 209.346 211.512 224.838 233.606
152.688 143.406 159.82 151.204 151.442 156.934 145.27 153.578 166.672 161.676 176.214 186.444 197.278 189.732 192.638 203.158
133.332 156.5 137.35 153.558 147.362 143.81 148.36 152.152 168.158 152.706 162.594 167.078 171.708 174.22 184.442 206.504
146.83 153.002 145.044 146.95 148.364 151.818 151.598 141.628 151.464 161.81 140.568 143.882 151.488 170.24 167.948 183.504
142.668 134.484 137.238 131.27 127.678 133.088 136.766 150.444 143.96 138.89 146.944 133.69 164.002 157.956 160.014 156.516
134.808 135.994 132.94 135.692 124.518 130.16 130.092 137.152 137.322 144.998 149.408 147.63 137.188 134.258 161.102 155.296
124.858 138.738 121.812 141.564 123.868 126.064 134.972 140.174 136.464 133.442 139.652 142.304 142.2 149.442 149.406 170.06
134.93 126.206 132.214 128.978 132.678 121.916 123.692 145.224 125.564 129.792 145.416 141.774 135.342 146.522 131.138 135.036
125.006 117.874 128.784 129.048 124.47 134.71 134.102 125.812 130.928 128.276 136.744 120.098 136.328 121.672 136.826 134.438
122.898 127.89 129.874 120.892 120.928 128.88 118.87 127.692 130.62 132.646 127.868 118.036 142.924 117.528 142.544 141.604
120.874 123.822 128.28 139.964 132.804 122.928 120.536 125.392 126.942 126.266 134.912 126.53 133.3 125.784 126.388 138.8
115.782 127.324 118.636 126.262 120.83 121.68 131.09 118.27 113.48 123.454 133.324 138.89 121.166 121.368 117.998 128.866
125.86 122.486 120.868 118.966 123.944 133.534 118.466 121.864 116.822 112.792 126.45 123.282 130.644 129.728 125.458 109.89
115.846 115.366 117.614 123.636 124.218 126.722 122.274 133.532 121.978 128.082 123.956 129.048 126.154 123.424 133.092 126.374