0.0 0.2 0.4 0.6000000000000001 0.8 1.0 1.2 1.4 1.5999999999999999 1.7999999999999998 1.9999999999999998 2.1999999999999997 2.4 2.6 2.8000000000000003 3.0000000000000004
2 3 4 5 6 7 8 9 10 11 12 13 14 15 16 17 18 19

494.403 480.3185 490.928 481.1155 481.887 479.196 479.077 484.259 475.3525 447.8475 452.5265 462.123 447.8225 462.6205 457.688 452.68
253.232 248.159 247.067 253.829 266.1005 249.205 266.542 258.1875 272.9195 284.5645 286.9795 288.0955 304.134 303.8965 315.111 316.161
171.254 175.459 177.3185 178.8185 179.4295 180.8485 186.2445 189.03 193.044 191.119 205.076 228.3355 226.5215 234.1 246.0345 251.861
140.582 144.9645 147.9495 150.266 151.551 156.456 155.2235 161.6185 170.0685 166.6845 167.797 189.748 191.446 191.3525 205.075 200.438
133.2545 125.9735 138.4835 137.953 137.7675 136.8485 138.381 141.81 146.2325 151.3325 155.731 159.5705 164.3635 172.845 184.0535 185.6985
126.1925 126.849 128.638 124.844 125.725 128.525 128.0735 131.291 141.1165 136.342 142.267 145.2415 146.7205 155.7035 162.2335 161.7655
119.437 121.802 130.4185 119.193 119.871 117.7335 117.2175 127.5195 129.989 130.8195 128.376 135.161 137.1715 139.491 143.162 151.256
114.552 111.5915 118.0175 113.536 118.6345 119.8205 124.539 120.719 121.893 132.4845 126.9525 132.6985 136.5185 136.534 141.1925 143.8865
112.1345 112.369 118.105 115.6895 114.701 116.5155 117.7555 118.089 116.2785 121.295 117.0125 123.9595 128.1295 127.36 132.444 138.863
114.0845 110.9795 115.737 114.311 117.6695 109.477 111.306 115.109 118.402 116.3435 118.3775 118.984 128.272 134.782 123.5495 130.3855
111.5035 115.138 111.5965 108.5745 110.817 113.1805 106.6855 114.1105 115.3265 115.3845 116.4175 117.3165 124.105 119.3035 128.0535 125.6425
108.9305 112.3435 108.5905 108.8305 109.491 107.39 111.0895 109.5585 112.8535 108.682 114.2335 114.6295 112.939 116.08 119.184 116.786
108.2755 111.2375 107.7085 109.1925 106.3825 106.6575 110.4005 107.983 108.01 107.951 115.066 111.025 114.271 115.7695 112.6335 119.8365
107.922 112.8345 108.9105 109.6105 104.094 111.0235 103.664 109.5465 109.355 118.0265 111.375 107.0075 119.0745 110.5475 111.5795 116.197
104.4005 103.743 103.932 100.6675 107.2115 104.2535 104.8595 106.729 105.0035 112.0815 110.0285 113.1945 113.205 104.348 107.9055 117.1565
106.9175 104.5415 103.496 108.673 111.3485 108.6205 111.3965 107.5325 109.4365 103.815 107.262 104.4545 108.2635 111.793 109.362 110.9995
102.8905 107.179 106.278 103.238 107.936 107.3495 104.292 103.9335 103.531 109.8925 105.811 103.0695 108.368 107.305 108.1675 108.566
104.477 107.386 105.8595 107.572 106.9985 106.563 104.0945 104.213 106.063 108.9775 105.527 104.3155 104.4585 104.583 107.235 102.3465