0.0 0.2 0.4 0.6000000000000001 0.8 1.0 1.2 1.4 1.5999999999999999 1.7999999999999998 1.9999999999999998 2.1999999999999997 2.4 2.6 2.8000000000000003 3.0000000000000004
2 3 4 5 6 7 8 9 10 11 12 13 14 15 16 17 18 19

799.0 798.896 797.862 798.09 798.82 797.318 798.018 797.718 796.724 795.724 796.688 795.14 791.574 786.324 785.656 782.07
718.262 705.322 699.634 659.936 644.258 609.642 572.664 545.616 520.698 495.784 473.18 439.98 435.498 406.288 396.2 388.988
661.6 652.728 605.042 578.204 544.692 528.74 495.61 475.444 446.794 433.702 409.366 389.768 388.21 367.79 379.958 360.152
604.384 596.52 567.852 547.922 516.364 498.442 465.674 433.248 426.318 409.556 400.776 382.476 376.126 377.484 354.824 339.402
559.78 528.012 519.634 498.786 471.152 457.916 437.662 429.212 395.574 386.77 381.564 388.64 376.232 349.82 371.44 332.592
506.868 494.396 486.574 466.756 441.656 427.996 425.568 404.098 391.242 380.042 366.002 375.48 359.674 353.29 345.912 340.0
517.898 524.51 488.77 467.984 434.676 446.194 422.124 395.678 376.586 382.028 370.292 363.724 366.882 337.178 345.078 319.456
522.28 499.72 477.158 468.964 454.788 466.582 428.66 428.11 404.912 401.42 387.538 385.67 382.34 356.002 374.616 368.632
470.232 457.478 427.884 424.226 421.424 406.198 387.45 399.042 386.696 378.056 365.364 357.588 354.284 355.944 350.764 353.508
461.858 457.432 427.54 417.35 409.466 389.512 386.292 377.798 379.44 362.84 362.394 358.452 349.584 339.58 328.0 333.734
461.244 457.824 443.512 421.076 435.956 428.768 407.584 396.49 403.658 404.354 388.076 362.722 368.482 369.578 369.3 356.952
439.298 430.388 416.834 398.698 410.54 390.006 381.776 387.404 382.918 377.424 368.89 360.822 369.64 354.994 348.078 355.944
444.816 439.53 428.458 442.936 435.806 411.142 420.35 389.54 395.52 403.678 407.778 388.668 396.024 377.614 381.808 371.682
444.838 432.302 433.59 432.522 432.054 413.978 424.926 409.414 426.372 415.864 406.58 396.198 401.024 402.912 404.552 403.386
454.086 442.032 427.286 424.724 449.358 399.694 419.312 403.86 408.78 405.268 404.22 392.77 381.024 406.486 395.648 394.608
436.726 438.044 436.006 422.774 439.418 428.278 427.156 413.282 429.466 416.088 410.046 415.21 410.962 399.842 413.084 426.374
414.152 419.088 401.11 405.918 412.538 413.6 400.936 402.702 398.456 407.618 397.202 410.154 409.42 402.136 400.524 405.714
427.038 436.274 434.914 444.266 423.89 419.356 437.99 423.41 420.048 430.824 438.268 443.388 437.798 417.944 442.532 446.394