0.0 0.2 0.4 0.6000000000000001 0.8 1.0 1.2 1.4 1.5999999999999999 1.7999999999999998 1.9999999999999998 2.1999999999999997 2.4 2.6 2.8000000000000003 3.0000000000000004
2 3 4 5 6 7 8 9 10 11 12 13 14 15 16 17 18 19

740.092 742.124 745.31 741.708 730.318 720.258 727.2 693.102 698.51 686.628 695.594 667.82 636.588 635.172 614.08 600.904
588.858 563.102 527.514 495.612 471.824 422.31 431.622 377.536 369.484 338.294 323.184 308.08 296.454 287.566 272.606 277.89
439.888 403.838 407.364 362.594 340.12 321.312 289.752 287.492 264.516 263.526 256.904 236.212 233.754 238.862 227.034 214.748
389.82 352.488 329.86 326.202 293.226 286.96 268.086 268.23 251.794 241.374 231.304 225.73 219.424 227.984 215.662 202.304
340.28 319.958 312.066 307.224 290.668 267.134 257.294 251.638 237.052 225.368 224.692 215.84 201.768 198.146 218.778 195.418
329.478 308.794 293.588 274.066 268.754 257.92 245.022 238.92 242.394 220.506 223.892 219.802 208.98 199.818 198.856 195.368
304.0 290.366 287.736 254.962 257.16 254.648 240.374 235.84 224.71 218.23 209.394 219.924 212.438 194.61 203.142 188.626
297.046 286.914 272.562 271.526 254.826 246.906 232.398 238.788 222.062 214.644 216.69 202.86 217.876 199.07 209.834 211.634
285.364 287.682 263.798 255.372 252.438 250.21 226.75 229.538 220.806 220.978 217.838 213.744 205.484 209.848 198.236 191.274
287.122 275.568 259.564 260.622 250.764 242.95 235.582 238.168 219.312 225.16 223.058 212.672 215.334 210.28 205.074 198.512
272.708 275.752 261.374 258.026 251.73 249.38 236.394 228.11 222.104 227.556 230.726 215.802 206.388 225.014 202.908 218.68
271.93 268.408 272.672 253.942 261.3 245.002 244.008 228.464 227.056 237.904 229.08 219.882 221.864 211.46 223.484 223.214
280.212 268.69 257.8 259.788 250.804 261.42 245.042 229.888 244.456 229.03 220.282 239.62 232.46 225.27 220.886 232.154
278.296 270.318 263.782 266.128 257.366 244.204 239.248 253.87 244.136 236.966 247.274 237.586 223.482 229.604 224.268 226.296
272.784 269.654 271.716 271.508 252.84 245.01 246.05 242.95 240.94 250.812 228.82 249.134 252.738 227.222 232.312 228.416
255.648 270.226 263.85 246.204 258.548 242.736 247.608 243.368 252.616 253.462 247.914 246.794 240.862 237.942 229.898 244.57
267.24 249.976 262.958 270.16 254.556 266.068 263.848 255.61 260.478 257.338 254.206 258.97 258.126 253.086 256.31 246.952
243.988 260.492 256.624 261.986 255.796 267.13 264.948 265.162 254.11 271.546 263.484 263.954 258.798 262.596 271.544 256.468