0.0 0.2 0.4 0.6000000000000001 0.8 1.0 1.2 1.4 1.5999999999999999 1.7999999999999998 1.9999999999999998 2.1999999999999997 2.4 2.6 2.8000000000000003 3.0000000000000004
2 3 4 5 6 7 8 9 10 11 12 13 14 15 16 17 18 19

734.06 710.32 718.72 683.44 728.42 677.6 681.86 612.88 665.52 618.9 587.96 652.98 568.62 624.66 488.48 527.76
488.08 466.68 463.62 414.26 428.96 339.96 371.84 281.72 287.32 264.18 253.52 241.3 202.66 215.04 223.1 172.78
407.14 376.56 322.72 288.76 318.52 248.14 250.16 231.48 201.68 228.78 166.38 189.94 168.34 166.8 175.56 158.62
311.18 271.5 276.74 239.04 218.82 230.32 232.42 206.86 151.52 170.58 171.88 178.2 154.84 165.02 132.24 152.28
266.12 279.28 236.24 245.84 225.18 258.66 259.66 189.14 167.58 192.2 181.22 160.2 171.7 137.62 166.72 152.46
255.4 290.4 270.3 215.58 225.8 207.28 194.88 225.94 188.24 169.54 153.7 157.72 150.52 178.46 145.84 166.88
287.24 244.56 237.8 264.46 208.26 212.52 221.4 188.86 202.96 183.64 180.18 169.64 148.72 158.4 166.32 152.98
259.08 237.74 252.78 213.66 192.4 205.64 165.1 191.44 190.78 197.68 189.0 160.98 154.8 175.34 166.72 197.4
247.66 238.6 233.64 189.66 249.8 193.04 186.08 177.74 199.26 213.02 164.54 185.24 192.14 158.34 153.4 145.34
252.34 192.26 210.42 214.62 209.46 183.96 165.84 196.46 180.28 177.04 176.56 156.66 184.56 164.54 144.7 172.08
251.32 216.6 219.66 229.12 254.68 225.3 205.94 171.14 194.44 190.06 184.44 189.44 195.74 176.86 171.84 155.94
237.52 196.18 208.34 220.56 235.42 214.2 207.26 181.1 172.4 187.64 207.32 188.2 190.66 162.52 212.18 176.28
277.12 233.64 184.72 205.56 160.92 201.48 221.98 199.38 194.98 214.88 239.2 191.38 171.6 188.7 189.94 184.68
243.94 223.84 174.38 230.7 194.44 236.64 195.8 204.14 221.4 215.6 196.22 212.94 179.94 185.3 191.3 221.68
238.48 237.3 211.82 263.44 249.9 223.92 209.42 206.06 202.02 230.68 181.44 183.06 190.1 171.48 207.76 181.88
217.96 199.66 219.22 211.42 211.14 195.94 208.86 239.18 226.04 185.18 207.44 207.2 217.64 207.48 230.5 199.28
241.26 243.7 197.54 229.0 229.96 215.64 205.04 230.3 212.32 209.74 197.34 222.08 213.24 226.44 180.06 223.12
240.12 230.48 245.08 243.82 246.7 210.8 188.64 233.36 216.18 225.42 259.4 229.26 229.9 224.48 212.36 216.2