0.0 0.2 0.4 0.6000000000000001 0.8 1.0 1.2 1.4 1.5999999999999999 1.7999999999999998 1.9999999999999998 2.1999999999999997 2.4 2.6 2.8000000000000003 3.0000000000000004
2 3 4 5 6 7 8 9 10 11 12 13 14 15 16 17 18 19

772.988 775.826 765.852 767.796 769.538 771.76 763.846 762.248 763.884 759.882 760.078 745.758 736.552 742.988 746.504 718.112
720.134 721.51 704.818 698.182 684.366 681.912 666.878 633.054 629.868 610.832 570.31 588.386 579.07 565.814 553.106 554.578
654.258 625.348 632.794 611.056 599.236 606.024 578.2 565.932 540.78 548.504 525.502 524.878 542.592 501.864 512.736 534.13
618.244 622.256 594.768 580.894 577.202 582.066 555.956 558.694 527.196 508.056 498.112 500.974 514.106 488.468 498.844 488.694
646.592 639.176 601.81 606.608 591.998 582.504 570.978 547.348 536.1 518.068 522.006 518.674 494.862 499.868 487.78 499.898
529.664 535.046 534.002 499.326 509.73 492.846 481.652 479.01 481.986 463.724 470.858 469.632 483.068 462.814 489.646 461.632
517.77 505.198 480.788 482.536 478.08 478.69 479.318 452.686 469.752 447.228 455.682 452.518 446.698 452.498 430.608 438.984
487.578 467.984 470.974 479.096 441.782 465.162 449.006 435.642 445.332 423.624 437.548 435.328 421.1 441.702 431.992 424.85
476.388 456.272 469.044 444.244 457.238 459.558 451.076 425.292 448.542 446.872 439.834 429.388 431.06 419.4 415.732 456.966
489.922 464.126 469.012 454.394 432.358 441.812 425.144 427.282 427.156 426.258 429.542 432.514 411.592 433.074 425.718 433.112
469.406 474.584 456.36 459.002 456.568 436.508 431.552 433.746 425.516 453.484 434.42 444.712 436.854 425.926 432.068 436.648
452.836 452.402 454.55 448.546 450.996 446.062 440.906 429.49 436.198 436.878 433.704 437.538 431.504 455.648 431.078 448.526
448.908 464.42 450.062 440.644 449.558 432.546 429.924 429.684 424.956 434.278 441.752 429.86 431.662 423.498 433.108 414.062
444.276 446.552 433.366 438.452 435.808 424.832 439.128 428.328 426.868 413.754 411.634 414.208 418.444 423.302 405.682 421.912
447.288 454.13 455.004 425.148 441.596 436.558 419.134 436.012 419.804 437.99 442.912 429.282 434.966 439.056 416.498 443.026
447.072 438.072 436.276 434.17 450.536 429.516 430.74 428.716 429.092 423.258 424.708 429.852 438.478 439.118 432.124 435.434
436.258 430.264 439.686 443.104 453.558 440.636 444.274 444.086 440.488 438.87 449.222 442.598 439.136 433.584 433.872 437.288
435.772 442.406 441.376 427.406 446.76 435.214 444.888 443.476 436.006 438.212 440.106 444.884 434.762 424.896 436.194 426.122