0.0 0.2 0.4 0.6000000000000001 0.8 1.0 1.2 1.4 1.5999999999999999 1.7999999999999998 1.9999999999999998 2.1999999999999997 2.4 2.6 2.8000000000000003 3.0000000000000004
2 3 4 5 6 7 8 9 10 11 12 13 14 15 16 17 18 19

626.682 627.818 608.354 587.43 592.888 577.262 525.816 555.854 539.608 506.456 484.428 476.612 471.126 420.766 404.49 396.768
330.434 321.538 295.924 261.622 251.778 224.6 213.496 207.072 197.708 185.95 173.956 166.618 143.656 153.438 140.228 136.412
236.39 219.1 207.068 200.678 183.124 174.364 156.284 158.136 148.178 143.018 123.148 118.692 130.532 118.468 112.698 113.222
198.486 199.764 182.842 174.114 160.24 151.964 137.124 131.968 131.482 122.844 120.186 120.04 100.99 112.686 102.694 104.512
177.102 178.024 178.442 156.84 151.61 132.132 137.966 121.924 116.77 128.396 114.618 120.504 105.118 105.424 110.208 105.766
172.754 161.524 164.962 144.69 145.992 143.054 123.204 125.27 127.604 114.954 118.848 109.836 102.944 103.78 113.236 100.454
153.986 157.334 155.118 139.648 142.18 131.692 124.3 129.346 117.07 108.936 110.084 110.186 110.53 105.904 106.544 100.888
159.944 154.024 149.682 139.094 142.184 127.45 134.008 123.522 126.126 116.468 116.896 112.434 111.81 107.74 108.238 101.084
158.516 150.066 142.948 134.224 135.92 130.282 127.37 133.674 125.722 113.746 111.99 116.03 108.536 111.366 105.1 105.208
160.578 146.27 143.124 139.796 133.182 137.73 131.776 119.658 120.506 119.064 114.508 113.774 117.422 107.526 107.216 109.07
145.848 145.604 148.224 131.896 141.126 127.294 136.122 120.926 124.71 120.876 122.366 118.254 112.402 108.116 109.494 110.152
140.616 151.876 141.138 140.744 142.2 134.228 130.744 132.266 130.912 124.788 121.178 122.338 118.902 121.484 114.05 110.35
145.156 155.332 134.41 142.128 133.85 124.016 126.606 128.274 133.27 120.934 124.66 126.9 127.002 122.9 120.484 122.626
148.734 148.616 146.936 129.57 136.914 131.638 132.024 131.474 131.338 126.706 129.018 134.458 128.372 130.246 123.31 121.16
139.414 143.562 134.236 142.29 129.314 144.086 139.864 135.614 132.32 131.186 137.262 131.756 131.068 128.846 126.358 136.512
143.068 141.958 147.938 140.456 139.57 135.7 134.756 142.658 128.896 132.756 127.674 131.108 123.604 136.144 136.604 132.018
133.974 147.5 131.584 142.592 151.49 132.742 142.35 143.296 140.552 135.022 136.53 131.526 134.362 134.036 147.568 141.752
149.218 151.186 136.214 156.348 141.858 148.46 136.42 136.818 149.812 147.996 136.174 140.312 148.248 147.512 133.98 146.754