0.0 0.2 0.4 0.6000000000000001 0.8 1.0 1.2 1.4 1.5999999999999999 1.7999999999999998 1.9999999999999998 2.1999999999999997 2.4 2.6 2.8000000000000003 3.0000000000000004
2 3 4 5 6 7 8 9 10 11 12 13 14 15 16 17 18 19

507.432 470.078 460.486 438.23 449.118 419.384 402.006 408.368 374.672 366.24 359.518 334.228 336.544 310.016 300.258 284.858
241.418 218.836 236.442 215.824 190.664 198.556 176.046 184.88 181.838 181.366 169.032 164.236 160.436 180.364 156.584 180.272
182.444 171.554 152.172 149.206 156.746 137.77 139.516 121.614 129.616 137.34 129.908 132.112 129.83 143.232 130.988 146.622
130.85 141.636 141.378 130.458 134.33 120.416 111.616 125.75 108.906 116.868 116.68 110.518 118.35 94.596 114.914 117.13
138.848 122.734 109.128 114.182 115.548 115.194 106.14 112.104 108.462 104.404 108.73 103.926 110.618 105.788 100.582 112.21
125.256 122.106 115.076 101.132 110.112 104.784 104.456 95.98 101.502 103.62 97.366 104.614 96.896 99.762 102.57 98.682
122.61 119.408 118.496 109.376 107.548 115.152 106.14 105.854 101.468 105.904 98.606 105.258 108.496 96.968 93.732 88.148
120.786 118.652 122.798 107.85 97.756 99.146 101.208 96.534 103.302 100.502 97.012 96.27 88.558 92.522 101.998 100.906
115.558 108.376 107.784 107.862 103.638 110.614 98.58 92.9 95.716 88.282 107.33 96.534 88.148 91.794 93.554 107.278
120.652 114.834 120.312 114.222 104.792 113.66 98.93 96.974 97.302 105.04 98.082 96.078 98.642 95.276 98.358 98.554
104.872 108.29 103.696 100.188 105.002 101.692 97.656 108.14 96.518 99.574 95.414 88.348 101.206 96.946 91.17 95.144
116.586 112.982 101.558 106.446 100.468 102.522 100.996 96.808 96.938 100.036 93.09 97.282 101.682 100.11 100.996 96.024
108.326 99.846 106.146 101.292 98.848 99.166 100.712 102.864 102.848 95.02 99.654 91.796 97.972 97.462 99.514 107.332
106.762 102.098 98.34 99.044 96.674 111.41 98.328 97.26 101.878 92.96 91.334 96.99 93.832 104.536 89.8 97.134
122.554 110.982 104.956 107.498 98.83 115.458 94.55 106.418 104.056 89.036 107.572 91.006 96.56 106.938 94.946 101.528
103.09 107.582 98.942 109.748 100.434 99.724 108.626 107.854 111.124 103.668 105.176 103.742 104.122 98.598 100.018 103.374
113.446 108.494 113.206 100.71 103.576 95.198 102.332 94.24 95.29 104.394 107.714 105.076 98.002 98.134 109.908 101.786
101.166 108.822 105.928 110.762 104.602 100.254 102.31 112.586 107.012 108.092 101.978 108.228 110.376 104.146 99.988 101.73