0.0 0.2 0.4 0.6000000000000001 0.8 1.0 1.2 1.4 1.5999999999999999 1.7999999999999998 1.9999999999999998 2.1999999999999997 2.4 2.6 2.8000000000000003 3.0000000000000004
2 3 4 5 6 7 8 9 10 11 12 13 14 15 16 17 18 19

660.464 635.628 623.498 633.502 621.008 617.542 620.544 614.436 589.862 583.906 589.37 578.69 590.046 566.594 566.226 548.338
451.85 438.296 434.564 417.634 428.434 411.302 417.708 414.472 401.362 395.552 374.234 418.398 391.482 408.64 373.79 389.772
268.97 289.614 253.24 258.64 263.872 262.814 251.332 256.482 262.404 248.252 265.54 274.676 275.468 273.686 303.6 317.542
202.462 183.816 213.514 195.606 189.57 193.94 177.986 193.132 195.606 178.582 205.804 196.088 205.118 217.128 259.966 248.098
242.162 220.324 237.532 214.832 225.988 218.252 229.47 214.668 222.298 222.4 220.894 234.206 233.484 235.352 256.59 244.92
222.82 211.798 210.616 212.81 212.174 207.618 210.11 206.92 207.81 197.056 215.05 220.698 211.758 222.926 225.938 223.414
240.62 232.702 235.006 230.292 214.376 222.238 209.578 218.32 217.348 218.81 226.992 224.36 237.78 246.98 244.364 237.928
212.872 194.572 189.508 214.928 195.974 185.258 192.612 195.914 191.294 180.528 188.182 181.874 199.158 196.762 205.91 216.988
188.626 184.314 188.724 185.57 178.12 176.308 178.424 177.696 178.848 174.792 177.168 178.564 181.836 191.636 175.334 185.588
220.144 214.502 221.752 209.404 206.608 211.338 199.384 204.436 208.69 203.482 212.416 202.664 208.356 221.278 218.536 227.818
197.776 189.238 195.194 195.112 190.36 186.422 189.942 191.126 181.162 182.622 187.008 183.652 194.378 189.888 198.174 203.18
184.392 182.472 175.99 179.246 167.446 177.24 157.992 163.024 168.778 173.432 171.43 176.454 172.178 180.888 178.106 175.48
154.54 147.79 156.9 145.294 153.49 147.47 155.822 154.018 150.252 151.182 152.112 152.808 141.512 152.634 151.35 152.028
152.73 172.74 160.918 155.504 161.854 157.178 161.682 166.652 156.59 160.106 149.752 152.324 161.13 162.558 156.368 159.53
140.316 142.956 151.58 141.618 142.728 151.182 133.09 138.218 135.828 140.844 141.784 137.72 136.098 141.496 147.316 147.3
163.432 155.176 169.392 156.132 164.184 162.464 157.04 165.204 161.928 164.1 169.694 168.738 160.844 159.552 164.34 161.106
175.518 178.174 175.448 169.804 180.054 156.154 170.232 171.682 173.534 180.712 177.52 171.18 174.65 164.222 173.714 180.2
173.456 165.018 173.892 168.08 169.776 172.736 159.762 164.588 165.334 163.622 172.112 174.842 159.152 169.194 164.982 169.954