0.0 0.2 0.4 0.6000000000000001 0.8 1.0 1.2 1.4 1.5999999999999999 1.7999999999999998 1.9999999999999998 2.1999999999999997 2.4 2.6 2.8000000000000003 3.0000000000000004
2 3 4 5 6 7 8 9 10 11 12 13 14 15 16 17 18 19

667.5 721.26 765.62 719.08 730.6 687.1 689.38 678.28 735.78 706.14 694.12 671.34 692.9 655.66 705.24 696.66
519.68 493.68 522.12 565.8 508.54 470.88 516.58 466.82 475.0 556.04 512.84 555.32 560.96 466.02 551.64 496.6
320.2 434.44 382.46 271.1 386.92 434.36 417.02 420.62 456.18 380.54 460.66 429.42 470.86 435.2 434.66 572.48
335.26 298.76 317.56 384.86 308.84 362.94 347.34 378.64 390.12 359.34 326.44 450.68 379.6 462.84 457.92 424.0
303.18 267.7 292.6 316.48 330.12 269.88 279.0 301.0 259.6 339.7 321.88 371.92 336.78 386.16 281.88 446.22
260.62 260.64 252.58 234.54 224.42 341.0 274.82 255.0 283.48 280.84 289.38 289.26 325.4 400.72 339.94 427.54
238.82 264.12 263.54 261.72 279.0 294.96 257.16 265.08 238.5 306.72 319.34 300.64 268.18 287.6 322.62 393.54
267.62 223.02 282.58 245.4 259.06 259.26 271.08 255.88 245.84 262.04 284.38 259.08 261.42 300.18 304.84 367.86
251.6 215.16 246.76 266.34 260.64 267.48 227.6 281.26 250.58 273.42 247.8 296.04 255.98 277.58 271.14 411.62
285.72 208.98 262.34 235.54 250.76 238.28 277.22 225.42 220.98 288.18 295.02 286.1 256.94 238.92 268.92 273.4
269.42 239.18 221.92 250.72 267.64 250.72 259.72 251.54 254.94 208.86 236.2 264.08 281.82 245.52 254.74 249.16
259.24 225.08 235.46 233.48 199.38 249.7 207.16 268.0 253.82 213.4 248.14 261.98 277.68 246.88 200.88 274.16
245.32 225.96 206.76 227.9 211.72 227.72 197.82 214.68 243.42 220.38 227.72 221.3 223.96 218.78 259.12 287.58
206.66 222.06 226.0 239.66 243.7 225.88 232.12 227.96 225.92 229.4 221.46 219.02 232.42 233.38 212.96 234.44
198.92 230.98 205.12 213.22 189.72 226.58 220.74 221.46 235.86 233.56 269.7 250.28 212.52 258.2 274.44 229.42
214.34 221.1 249.1 271.06 215.52 250.9 215.5 221.46 212.56 186.82 222.82 257.48 238.94 226.98 172.22 217.32
226.96 219.1 256.78 229.42 255.98 246.12 178.84 247.18 243.02 239.12 238.98 236.38 215.82 225.78 211.52 206.84
239.16 192.06 199.78 214.44 209.66 224.16 261.06 224.96 230.58 231.82 242.08 252.12 262.64 219.36 209.9 214.46