0.0 0.2 0.4 0.6000000000000001 0.8 1.0 1.2 1.4 1.5999999999999999 1.7999999999999998 1.9999999999999998 2.1999999999999997 2.4 2.6 2.8000000000000003 3.0000000000000004
2 3 4 5 6 7 8 9 10 11 12 13 14 15 16 17 18 19

469.2375 468.9345 462.3395 434.255 420.3135 405.312 389.2125 364.4615 348.4615 327.606 305.702 284.545 283.349 264.3135 253.205 232.224
244.271 235.188 209.356 199.312 186.5475 174.7295 160.3275 152.068 146.0765 132.7805 132.329 116.459 112.965 105.493 102.872 99.4735
176.883 156.0015 146.151 139.773 130.4305 126.7365 118.6385 110.8475 109.8915 98.5795 96.9645 92.5735 91.3365 85.9635 81.4495 80.7845
147.607 134.6085 128.692 119.6075 123.663 105.6885 102.7415 95.655 95.8415 94.2925 86.8715 86.3465 87.9765 80.908 80.6425 76.564
129.7005 126.7515 115.0145 114.7385 108.011 102.99 101.0775 97.6215 90.7675 87.683 83.382 82.163 81.559 79.017 76.5255 77.2925
125.827 123.1445 112.892 106.185 102.1375 97.1085 96.7715 92.565 89.3225 85.1425 88.5515 84.6285 81.847 79.9695 76.0865 77.658
119.7585 114.831 110.4175 105.605 100.969 94.6425 95.8125 90.415 87.242 85.829 83.54 81.7275 78.8725 80.588 76.6335 77.0675
118.128 108.1155 105.181 105.236 98.996 96.8515 93.6415 86.2885 85.286 88.741 83.88 79.372 81.6375 81.1445 77.207 76.9925
116.36 109.535 102.888 99.0715 103.7265 96.8805 93.8645 91.1385 86.3645 89.146 86.3875 82.826 83.723 82.0295 76.2435 81.0055
114.551 107.353 106.4505 101.835 96.3935 96.478 97.414 91.8205 90.6635 87.2475 87.4165 89.537 83.212 85.703 78.4325 78.1775
112.492 104.9545 105.4155 103.6745 97.1345 97.337 95.3525 92.373 90.5215 88.9635 86.8345 87.498 88.504 85.1575 82.048 80.124
110.61 108.365 101.1075 99.455 97.749 95.665 96.466 88.284 92.04 91.047 86.5115 86.8505 88.116 89.51 86.6835 82.088
108.4725 105.859 103.991 105.256 97.611 96.64 98.617 93.6075 96.318 95.1185 90.194 89.3555 93.354 89.3715 89.3015 87.524
104.2675 107.0275 104.414 102.6745 94.8015 98.1355 98.024 99.2165 95.2355 88.17 95.71 94.37 95.658 87.472 89.6 91.679
105.476 101.505 101.884 102.7735 102.0165 101.6895 99.873 98.274 97.1155 96.5765 96.249 99.492 99.679 92.1785 96.943 96.929
103.0805 105.4795 97.2415 107.126 99.5345 101.0975 101.9365 98.681 97.1725 98.2155 102.019 98.6775 100.639 101.3395 90.9665 93.887
106.6515 101.851 105.0645 103.6185 103.6255 104.368 101.714 101.2645 100.4455 101.637 97.2405 100.111 102.5665 101.033 97.5025 101.512
105.1005 101.2875 103.18 101.704 103.994 104.249 103.406 102.5785 106.16 100.486 99.8035 101.875 107.9765 104.393 101.4125 106.7525