0.0 0.2 0.4 0.6000000000000001 0.8 1.0 1.2 1.4 1.5999999999999999 1.7999999999999998 1.9999999999999998 2.1999999999999997 2.4 2.6 2.8000000000000003 3.0000000000000004
2 3 4 5 6 7 8 9 10 11 12 13 14 15 16 17 18 19

480.758 482.536 490.124 459.55 418.98 416.12 376.414 424.162 407.398 349.538 340.194 334.486 325.882 290.674 291.21 286.352
248.05 242.95 220.502 240.318 193.026 185.842 190.726 184.008 154.504 188.572 174.812 167.158 156.394 143.738 164.612 153.972
166.082 164.538 146.378 146.172 135.808 133.938 126.498 125.858 125.848 141.556 132.11 123.156 111.306 128.902 122.26 125.098
155.84 149.406 130.328 127.7 115.236 126.506 119.782 119.458 108.828 117.956 107.04 98.292 108.568 108.032 110.076 111.648
135.49 130.576 125.768 127.854 111.972 111.592 108.8 105.77 121.5 113.916 109.072 103.212 104.968 103.256 106.79 107.12
120.79 131.414 118.898 111.27 108.324 114.806 102.224 98.46 92.032 88.92 88.794 90.996 93.206 86.188 98.226 93.324
127.542 125.422 113.428 106.994 108.926 103.654 95.31 89.086 94.8 106.878 89.636 100.018 98.882 93.834 98.218 95.306
121.37 109.664 97.948 118.28 107.766 101.518 103.268 96.022 105.228 99.058 90.532 96.122 93.458 84.866 93.838 96.17
115.922 97.714 102.934 102.716 108.384 102.252 97.272 102.058 97.552 93.856 96.03 96.25 101.866 88.556 92.066 94.336
118.762 109.692 103.726 109.474 92.412 107.63 102.734 95.13 89.648 90.198 95.29 98.092 91.95 104.312 92.442 90.376
118.774 107.344 106.934 112.146 98.958 97.334 99.204 105.168 93.04 90.33 93.534 104.818 92.274 95.16 93.218 96.122
98.288 108.984 105.296 108.224 95.562 95.056 98.564 106.814 101.986 95.354 99.674 93.198 90.494 89.82 90.052 89.076
104.156 105.12 113.78 105.956 105.464 100.238 107.282 95.01 104.512 88.666 91.018 96.538 94.02 96.04 82.836 89.442
100.32 103.548 110.41 101.97 102.36 110.14 100.984 107.438 104.602 91.938 86.196 105.728 94.084 109.536 95.442 90.586
110.11 116.542 96.572 107.37 94.622 102.628 105.21 102.91 103.564 105.35 92.98 91.52 102.96 89.388 98.606 103.282
113.122 108.316 100.376 100.502 101.868 100.622 108.018 98.192 102.384 102.408 97.23 105.162 104.754 100.396 93.078 103.538
101.49 100.174 103.512 95.134 100.944 106.624 105.174 101.752 104.684 98.83 109.126 103.624 99.434 93.196 104.616 103.938
99.808 95.394 108.48 101.35 104.636 99.24 114.866 102.502 100.392 104.562 104.872 98.86 104.668 108.236 98.574 107.892