0.0 0.2 0.4 0.6000000000000001 0.8 1.0 1.2 1.4 1.5999999999999999 1.7999999999999998 1.9999999999999998 2.1999999999999997 2.4 2.6 2.8000000000000003 3.0000000000000004
2 3 4 5 6 7 8 9 10 11 12 13 14 15 16 17 18 19

731.63 255.99 212.1 181.32 111.59 139.62 140.96 112.51 106.43 109.1 112.68 132.9 119.91 108.31 100.17 105.39 100.57 106.58
753.36 225.56 188.18 146.29 134.19 152.04 129.25 137.55 110.85 120.35 124.76 128.95 99.68 124.33 98.56 135.25 129.55 121.63
766.15 336.95 180.29 131.18 146.12 121.82 111.46 106.72 111.16 99.19 112.89 113.36 120.39 98.32 97.68 94.13 105.28 102.16
658.22 269.66 173.1 146.71 141.4 97.92 127.35 95.39 118.56 128.48 100.6 103.98 113.86 118.97 115.71 105.1 117.26 93.63
803.74 317.71 177.25 173.86 123.97 103.24 133.98 128.1 130.43 88.46 116.07 92.16 128.68 111.95 121.37 141.95 108.86 115.16
745.06 279.78 173.08 159.23 152.83 105.89 127.01 128.27 123.87 115.32 101.4 91.45 120.97 115.99 101.6 100.03 102.03 96.56
606.25 330.67 183.71 154.31 128.83 113.93 106.51 93.67 128.18 110.84 112.39 95.49 96.09 78.7 104.98 76.04 95.64 99.76
814.85 257.41 195.53 140.86 148.57 142.84 112.37 122.43 102.48 105.26 126.32 97.87 95.16 109.67 97.53 104.85 102.01 94.7
696.11 339.7 211.45 141.49 138.84 139.98 136.11 113.48 117.52 102.67 128.41 113.44 108.03 112.88 113.86 101.73 106.37 91.06
847.14 340.77 227.95 173.43 111.8 128.6 130.3 100.94 117.28 127.59 113.5 106.52 132.36 110.47 100.73 113.78 111.37 109.8
728.23 349.61 193.57 147.72 160.44 126.96 115.65 145.26 123.55 96.05 91.16 92.89 88.37 111.36 124.22 139.99 108.15 117.17
635.4 354.63 198.0 136.48 167.29 140.54 129.57 121.77 145.71 129.76 101.89 113.59 96.01 108.29 111.51 117.28 93.04 104.05
565.93 381.01 232.61 206.17 176.91 113.98 141.56 129.93 114.37 121.73 101.48 94.88 128.37 93.05 101.31 110.97 105.54 124.68
566.71 369.18 238.04 216.28 152.11 145.58 133.97 103.24 110.24 118.05 103.71 96.56 118.93 108.53 106.84 89.08 135.33 116.2
613.8 336.92 223.24 181.55 153.8 125.88 133.77 132.76 112.24 112.11 91.7 136.35 90.47 134.41 129.17 111.02 82.1 112.99
608.43 352.37 242.7 193.45 210.88 186.92 134.78 123.04 112.51 117.81 136.09 110.1 113.87 98.07 113.09 104.49 96.98 99.7