0.0 0.2 0.4 0.6000000000000001 0.8 1.0 1.2 1.4 1.5999999999999999 1.7999999999999998 1.9999999999999998 2.1999999999999997 2.4 2.6 2.8000000000000003 3.0000000000000004
2 3 4 5 6 7 8 9 10 11 12 13 14 15 16 17 18 19

470.78 484.134 453.692 476.994 469.872 468.726 480.674 439.322 428.99 438.03 420.782 439.582 401.408 427.118 421.132 422.48
241.952 253.204 237.536 230.966 227.994 235.472 235.156 235.67 248.938 255.976 257.52 260.956 263.684 267.726 255.222 284.636
175.568 178.088 173.648 171.996 161.212 179.696 191.968 182.498 180.998 163.298 182.78 192.984 184.726 191.418 184.324 229.62
144.45 135.3 139.984 135.878 150.692 151.674 151.098 145.518 143.39 158.536 178.154 164.602 172.086 172.692 180.544 194.782
127.67 132.29 131.788 137.988 128.44 131.714 135.73 134.462 129.156 135.794 133.066 137.264 157.394 134.36 150.366 156.83
134.43 133.822 128.728 131.074 126.04 123.938 124.104 123.854 135.276 124.686 135.752 127.87 129.472 134.774 141.738 156.624
116.476 119.092 117.354 117.942 120.418 117.842 120.09 114.37 117.532 130.572 125.484 126.526 136.506 121.792 144.908 118.12
109.782 119.54 120.5 113.218 109.528 113.08 117.32 125.302 122.158 124.602 113.178 116.356 118.826 129.856 125.264 133.078
109.912 115.73 116.536 117.188 116.154 104.842 105.212 113.678 111.42 105.322 117.13 110.25 118.978 118.964 122.25 121.1
124.29 111.53 108.792 103.592 110.746 115.64 98.772 109.122 111.48 109.972 113.596 124.112 121.978 118.522 122.184 120.06
106.262 102.906 112.224 100.524 108.292 118.622 106.458 107.458 101.002 101.202 116.408 102.6 108.908 120.732 111.48 128.562
108.458 109.412 106.58 94.99 110.23 101.158 101.528 109.772 101.812 110.442 105.114 120.404 105.34 119.662 109.282 112.924
108.972 111.588 104.154 100.298 116.176 106.706 114.386 107.376 100.488 100.2 105.87 103.514 117.24 119.34 103.998 111.22
102.542 107.806 104.954 99.476 106.804 105.586 107.202 113.7 102.574 103.106 104.638 106.952 118.322 109.676 100.548 117.026
116.962 104.976 100.438 107.44 108.18 112.906 102.748 100.318 101.74 101.282 109.816 102.314 108.188 108.14 107.838 105.018
95.008 110.662 118.338 107.386 109.762 104.602 100.88 99.876 102.252 96.144 114.424 114.814 103.464 108.67 112.722 108.35
100.706 108.818 112.458 99.958 105.914 113.456 107.964 97.352 103.61 108.888 104.698 106.572 102.544 105.39 104.734 110.25
110.51 109.644 101.828 106.068 103.632 99.048 104.982 103.282 103.772 105.218 104.872 103.996 102.252 108.926 111.38 105.686