0.0 0.2 0.4 0.6000000000000001 0.8 1.0 1.2 1.4 1.5999999999999999 1.7999999999999998 1.9999999999999998 2.1999999999999997 2.4 2.6 2.8000000000000003 3.0000000000000004
2 3 4 5 6 7 8 9 10 11 12 13 14 15 16 17 18 19

735.8 729.88 767.0 690.0 704.52 703.3 670.84 701.86 695.58 712.12 685.82 663.84 650.26 647.12 638.1 592.44
517.94 543.84 469.78 466.3 439.42 381.02 466.78 435.6 427.34 408.88 336.54 399.76 389.06 351.38 388.68 398.26
394.9 348.42 335.84 348.88 293.7 336.86 291.62 302.94 367.44 339.8 254.16 332.08 295.32 266.84 337.66 380.72
301.42 285.32 325.1 290.28 288.0 263.66 274.1 257.26 299.7 310.48 294.16 332.44 289.82 264.0 404.04 328.68
298.64 242.46 290.3 306.88 286.08 287.32 247.04 242.12 252.0 279.28 232.56 294.86 267.54 322.14 257.86 233.92
222.72 274.08 250.46 273.42 244.34 244.78 259.68 252.18 259.94 235.18 290.72 235.5 230.54 220.94 212.72 246.74
322.36 262.0 288.84 238.74 284.46 227.74 200.68 228.9 228.5 204.74 235.8 209.6 217.68 219.18 228.42 300.68
260.3 241.4 245.02 257.76 249.22 246.04 234.44 263.86 193.66 238.88 256.46 243.92 184.18 253.74 221.04 268.56
203.68 216.46 214.66 260.7 239.2 247.36 203.16 231.5 211.1 249.98 200.78 229.02 193.46 223.42 225.2 260.34
232.14 227.34 246.16 221.86 270.14 261.6 211.16 190.28 220.76 194.74 239.42 216.52 214.02 223.52 221.86 223.84
280.54 244.56 241.06 231.16 208.24 227.86 219.1 226.6 256.22 222.24 231.66 234.52 203.06 189.5 239.76 186.62
284.2 222.74 245.72 205.4 251.34 190.96 234.56 255.34 227.34 249.1 203.88 211.18 252.1 205.78 206.46 218.68
232.52 270.7 230.4 208.12 223.58 239.2 208.38 206.92 215.68 202.14 237.94 205.32 202.1 217.08 202.06 220.28
197.22 248.82 255.02 217.94 253.42 224.7 247.78 202.26 201.2 276.14 221.0 233.16 225.5 198.88 202.18 231.9
245.04 202.32 270.74 208.28 217.68 274.28 210.78 234.06 231.94 184.34 187.1 236.38 226.56 211.82 216.08 235.16
220.62 238.82 229.8 231.66 225.14 203.54 235.42 230.86 202.62 197.74 240.82 203.62 227.8 263.3 231.72 178.2
242.62 238.9 196.76 239.82 231.3 254.14 198.04 221.06 252.58 207.96 211.28 218.82 216.1 179.5 193.7 243.1
250.14 213.06 231.16 212.1 229.7 202.54 230.24 227.54 205.14 212.34 223.96 204.38 233.68 231.06 236.98 209.62