0.0 0.2 0.4 0.6000000000000001 0.8 1.0 1.2 1.4 1.5999999999999999 1.7999999999999998 1.9999999999999998 2.1999999999999997 2.4 2.6 2.8000000000000003 3.0000000000000004
2 3 4 5 6 7 8 9 10 11 12 13 14 15 16 17 18 19

767.8 773.996 771.744 763.85 768.12 743.844 761.65 748.968 740.874 735.79 724.85 706.086 701.282 700.784 681.12 675.916
641.48 609.16 585.308 593.522 534.52 527.19 480.97 479.92 422.048 403.706 381.616 363.562 359.544 324.88 313.76 311.878
547.318 488.62 479.842 433.228 418.412 389.558 368.176 350.586 326.452 324.714 302.214 300.374 269.802 272.074 268.302 250.114
471.384 443.882 417.134 387.532 361.164 338.696 341.616 316.978 290.556 285.696 278.768 267.432 260.77 250.874 253.11 240.926
430.696 390.5 386.936 355.854 334.428 325.304 310.442 292.932 289.51 273.056 257.632 271.288 270.41 253.772 243.886 243.612
408.53 360.842 356.688 360.802 330.01 317.322 296.834 291.286 286.888 272.244 269.474 260.314 264.06 257.942 240.414 230.476
365.718 366.596 367.87 331.38 313.426 305.514 298.364 282.696 270.396 266.004 261.498 259.528 264.964 243.95 238.064 239.948
383.548 355.452 346.918 325.922 320.836 287.02 283.416 276.806 280.556 280.334 269.376 257.728 248.402 253.46 247.872 259.884
354.994 354.21 323.758 321.832 315.858 298.41 293.534 270.522 269.618 260.172 271.004 259.136 257.798 249.528 254.89 241.46
347.672 328.594 328.046 325.58 303.376 298.402 286.646 280.668 274.97 270.172 262.706 268.798 261.368 255.102 252.558 254.122
352.242 327.83 336.974 322.118 305.012 309.3 295.978 290.636 286.568 270.988 264.034 263.886 262.74 268.628 255.916 261.442
332.548 321.474 327.49 330.572 303.568 309.118 292.632 294.556 281.168 279.818 269.524 285.47 272.108 272.596 269.512 260.556
333.146 332.314 324.65 318.95 324.458 298.722 306.388 290.442 287.088 299.432 275.51 271.638 270.386 261.272 271.858 273.146
332.746 314.792 315.478 311.462 312.544 295.34 315.676 306.078 296.544 286.244 285.47 291.374 291.42 289.28 280.732 297.046
339.504 333.57 334.544 316.656 304.608 312.284 318.92 320.042 303.788 293.928 298.746 301.944 283.858 295.578 291.206 292.54
310.058 314.478 311.134 316.772 319.268 311.726 306.158 315.6 305.672 304.36 301.184 313.518 309.356 304.156 293.27 305.786
328.076 315.692 326.394 305.458 320.834 330.398 314.648 326.028 304.362 317.716 308.46 314.944 315.096 306.272 306.67 319.442
319.576 326.732 325.652 322.622 324.92 333.384 326.184 331.582 320.58 328.1 328.174 314.262 327.532 320.422 325.352 330.988