0.0 0.2 0.4 0.6000000000000001 0.8 1.0 1.2 1.4 1.5999999999999999 1.7999999999999998 1.9999999999999998 2.1999999999999997 2.4 2.6 2.8000000000000003 3.0000000000000004
2 3 4 5 6 7 8 9 10 11 12 13 14 15 16 17 18 19

1131.22 375.8 203.78 195.72 175.3 167.56 144.68 139.42 139.92 168.06 158.84 132.16 136.66 161.14 155.44 125.24 163.38 129.04
1043.76 359.24 285.88 235.26 209.5 178.24 171.82 197.02 199.7 150.94 164.24 139.1 123.32 137.0 144.74 136.92 121.68 129.92
1048.34 418.9 239.14 171.92 138.52 185.18 148.08 169.86 151.34 200.3 175.32 152.32 139.6 137.04 165.48 122.52 139.06 155.2
839.9 415.96 238.4 195.02 175.18 183.4 136.82 185.08 153.34 150.14 163.02 135.2 136.32 165.92 140.16 126.64 171.2 138.02
902.06 267.94 224.66 204.1 149.46 180.46 190.04 150.24 139.3 153.02 139.44 165.08 127.48 132.24 120.28 156.78 118.1 158.42
1019.52 368.76 180.98 222.42 149.54 228.16 162.18 130.9 139.96 168.74 167.86 158.6 116.78 149.58 147.72 156.22 141.78 132.92
937.98 394.58 197.64 220.54 160.08 186.08 169.3 130.48 140.7 142.0 166.26 119.8 160.34 146.04 123.76 171.58 158.24 155.16
935.42 318.28 302.96 149.82 152.88 157.52 142.02 159.74 126.68 183.18 109.96 129.04 122.84 131.72 131.16 173.64 168.88 154.64
949.86 385.96 286.24 239.2 183.1 138.98 156.46 152.0 139.4 149.2 138.74 128.08 175.48 141.14 150.58 137.94 147.94 160.5
847.06 290.6 201.92 134.12 176.46 139.66 133.6 141.52 142.26 130.64 120.36 111.86 138.7 162.52 142.9 143.04 146.96 147.6
754.44 364.46 254.86 161.42 187.04 128.36 133.58 136.56 127.28 153.3 127.98 145.98 147.56 136.74 131.8 112.66 181.44 134.8
947.02 393.84 283.92 229.58 160.72 146.52 157.06 116.6 204.82 147.28 166.26 108.18 144.96 148.72 156.86 144.34 146.74 165.76
777.82 351.24 203.0 188.36 191.56 146.4 185.68 154.86 124.56 145.54 125.1 161.56 169.4 145.08 158.38 151.2 169.68 134.48
760.02 284.5 317.0 243.12 143.66 205.16 165.6 189.0 141.52 104.2 138.16 141.62 132.26 132.36 133.92 158.94 177.7 137.98
724.22 400.76 340.86 267.2 202.12 146.72 130.4 120.1 162.58 134.9 113.64 149.66 146.94 154.28 118.0 133.72 140.1 149.74
670.28 301.48 275.6 203.66 160.42 192.22 106.16 155.94 157.48 128.78 165.84 152.62 123.48 140.72 152.92 170.48 138.5 139.92