0.0 0.2 0.4 0.6 0.8 1.0 1.2 1.4 1.6 1.8 2.0 2.2 2.4 2.6 2.8 3.0
2 3 4 5 6 7 8 9 10 11 12 13 14 15 16 17 18 19

1110.34 353.44 258.1 229.4 241.66 144.2 180.16 164.56 163.98 124.66 144.36 158.6 145.8 144.2 176.24 132.46 140.2 177.86
1091.56 374.92 221.4 236.58 209.14 195.14 146.36 124.76 214.4 181.38 158.28 169.42 142.66 191.94 160.42 176.64 143.7 148.84
980.98 420.5 290.82 189.02 218.94 170.66 183.04 161.84 134.1 132.24 148.44 163.94 146.46 189.56 143.78 138.5 169.02 109.14
1119.9 383.0 271.32 185.06 232.34 171.68 137.06 191.32 168.0 162.9 110.76 118.62 192.48 122.72 109.56 116.38 132.4 131.32
1082.62 413.86 315.34 235.52 131.48 157.78 149.02 197.18 200.86 183.38 114.54 149.98 127.1 133.42 95.72 134.26 125.88 150.36
959.22 367.86 280.46 273.9 156.84 182.84 186.24 172.16 133.44 139.24 175.26 133.1 167.62 127.84 108.66 155.0 122.94 177.16
965.96 417.96 286.28 258.34 197.3 145.44 170.74 171.86 147.58 142.04 125.48 184.78 157.24 140.88 137.66 159.52 161.06 137.96
1153.84 533.62 222.64 242.6 204.44 175.08 184.88 197.84 142.18 170.16 182.16 128.6 134.76 162.52 170.1 157.88 149.12 135.02
966.28 610.12 293.08 207.48 260.36 187.52 185.14 178.34 131.4 174.88 118.68 142.18 155.64 141.18 132.44 129.98 118.6 124.48
887.92 673.74 288.18 239.98 247.92 217.78 196.96 197.32 178.44 180.04 146.88 119.12 149.68 146.3 158.74 137.7 106.88 137.36
1018.2 525.18 333.56 182.24 222.02 268.24 146.78 253.86 137.92 166.46 191.22 159.62 136.94 128.82 128.08 151.56 110.12 128.74
812.46 582.08 340.92 335.94 231.92 188.32 205.26 259.04 165.16 141.48 193.54 170.24 165.96 150.64 148.92 138.74 165.22 142.28
1001.88 505.38 418.44 299.76 229.38 232.66 184.36 142.14 213.52 166.7 198.84 180.3 159.5 130.44 135.26 129.18 136.04 143.92
972.68 482.54 496.18 398.06 312.94 192.74 250.64 197.68 186.0 170.14 198.66 159.96 169.0 158.72 139.12 136.38 126.12 134.18
994.68 614.04 463.66 329.06 300.9 266.86 183.08 177.4 168.26 227.34 141.84 161.04 157.88 149.26 182.34 172.8 139.6 155.12
969.74 751.34 477.82 197.84 322.66 283.84 198.46 220.98 178.84 217.78 227.8 151.58 163.4 162.2 179.94 161.38 122.02 175.66