0.0 0.2 0.4 0.6000000000000001 0.8 1.0 1.2 1.4 1.5999999999999999 1.7999999999999998 1.9999999999999998 2.1999999999999997 2.4 2.6 2.8000000000000003 3.0000000000000004
2 3 4 5 6 7 8 9 10 11 12 13 14 15 16 17 18 19

473.3545 470.351 469.125 445.0515 442.194 421.807 409.8725 387.737 376.9245 351.06 343.2125 311.9275 313.4135 286.5825 283.866 278.468
248.564 232.2075 217.342 208.019 198.976 189.103 182.019 175.861 165.9545 157.7375 154.941 156.1655 154.6455 138.9185 141.8075 141.9215
177.2745 166.753 152.5585 143.292 142.538 136.0715 136.1315 125.4025 120.018 125.4345 118.0625 118.071 114.3375 113.9335 113.9475 107.0525
152.181 138.446 130.9205 119.44 122.921 118.6335 117.522 115.1255 107.4515 111.3315 102.48 104.92 104.9535 107.0195 105.494 101.151
136.4375 121.6955 127.9175 118.25 115.413 108.1035 109.7705 109.129 100.9865 101.937 101.199 100.7955 99.264 99.58 97.275 102.7415
122.0355 118.7985 116.776 109.04 110.6565 110.8155 106.979 100.197 98.758 99.3595 93.271 97.7305 93.973 92.614 91.7575 92.883
118.8815 115.081 113.574 107.584 102.87 97.2565 101.963 98.0685 98.711 93.4235 91.152 92.7325 88.919 87.5295 94.102 91.8365
119.787 112.1655 109.181 102.928 104.672 102.3575 97.9935 99.9085 93.0545 95.271 89.927 89.3745 85.68 90.2805 91.6015 92.019
110.9015 111.472 105.207 107.3375 102.1575 100.963 102.1595 100.894 94.7325 96.119 91.946 91.3055 93.113 87.8315 87.397 95.5415
113.6345 109.077 105.9155 106.1 102.0105 104.004 98.457 97.944 91.874 93.32 91.403 90.247 92.911 96.7755 89.5055 89.5955
112.032 110.525 104.4065 106.035 98.4315 102.068 96.71 97.3395 94.1905 97.0295 98.1935 93.3525 94.399 88.6895 93.184 94.019
110.0435 105.028 99.771 101.164 101.127 98.5155 100.9435 92.577 96.712 93.4 92.6925 94.367 91.1635 90.8135 93.75 91.8785
108.766 110.106 107.1575 102.12 105.9835 101.499 99.439 99.402 96.3925 97.7415 93.466 98.764 95.2705 97.4765 94.749 92.83
104.182 101.9115 102.779 102.001 104.55 100.504 101.694 99.2505 96.8835 100.713 92.45 98.7375 97.7385 96.703 95.7925 95.705
101.6635 104.721 105.551 102.4485 102.07 100.537 97.246 99.633 100.217 97.87 98.415 96.3045 95.9025 103.0955 96.511 97.717
106.9825 104.2155 99.4745 104.2915 98.8025 103.096 99.544 97.146 100.1745 102.6355 105.523 97.2115 101.8395 98.3555 101.246 99.9185
101.683 108.384 102.5315 106.3555 101.6275 101.725 105.5465 103.546 107.4545 100.8015 103.372 102.3435 100.787 102.397 99.9805 104.3655
109.518 101.469 105.4055 102.086 105.425 106.812 102.637 101.049 103.9685 104.145 107.292 107.1385 101.274 103.395 107.32 103.3155