0.0 0.2 0.4 0.6000000000000001 0.8 1.0 1.2 1.4 1.5999999999999999 1.7999999999999998 1.9999999999999998 2.1999999999999997 2.4 2.6 2.8000000000000003 3.0000000000000004
2 3 4 5 6 7 8 9 10 11 12 13 14 15 16 17 18 19

738.854 746.54 744.932 752.31 738.076 748.942 755.658 760.888 743.708 740.676 750.582 734.928 739.786 741.636 723.7 729.95
575.1 577.704 599.888 579.8 588.37 576.686 582.278 578.644 578.732 561.412 567.78 587.696 603.936 594.308 593.804 607.826
450.594 433.026 440.764 445.224 468.246 456.444 492.598 463.406 499.654 510.666 519.034 508.822 539.718 545.908 545.3 531.866
370.876 383.362 384.708 398.914 402.942 386.706 412.882 420.448 430.678 445.658 440.0 448.46 455.328 494.724 488.726 504.798
347.53 361.476 340.484 361.506 347.26 358.044 384.23 373.99 376.08 403.98 404.212 414.232 445.294 437.976 443.408 454.992
329.522 325.678 329.062 335.214 335.902 334.486 340.224 336.286 344.574 377.782 367.246 375.362 392.16 372.364 420.208 431.534
303.364 306.904 303.236 318.306 315.32 317.908 334.348 339.126 319.88 355.322 335.118 352.632 374.22 392.558 388.652 413.992
293.078 296.788 302.112 311.618 299.36 305.656 297.752 319.616 338.8 337.448 320.794 351.16 349.458 358.314 376.074 359.1
291.286 295.01 312.282 308.13 291.724 291.126 298.97 304.576 303.42 297.382 319.832 326.062 339.358 338.086 337.826 357.402
288.634 287.88 292.762 286.504 286.812 290.718 286.638 309.988 289.04 291.312 304.58 322.33 313.93 317.786 332.782 340.278
289.284 266.934 286.092 291.236 283.6 277.68 283.456 287.398 287.55 294.218 305.7 300.976 295.024 315.772 303.044 331.434
290.018 268.39 261.504 285.972 277.204 295.728 275.818 278.924 279.48 284.888 289.342 288.182 303.0 300.742 305.25 309.92
272.298 284.188 271.63 273.538 282.394 282.592 279.096 269.484 284.422 271.046 278.524 286.924 290.902 290.416 299.09 312.44
268.124 271.424 260.242 265.792 275.372 271.23 274.3 275.984 271.576 280.31 284.55 291.434 275.196 288.194 290.732 303.968
261.424 258.162 273.74 284.356 278.756 270.22 265.54 270.224 271.032 276.612 266.736 265.404 271.222 271.408 276.988 270.652
270.39 266.926 281.802 266.892 257.342 265.854 265.266 262.642 278.268 265.478 275.646 255.062 267.332 264.702 286.266 286.912
260.35 268.828 255.63 259.254 257.034 264.912 267.19 265.186 275.724 270.972 259.308 274.24 272.748 261.91 261.006 272.578
257.164 255.684 258.21 248.116 270.712 268.308 269.19 269.118 265.694 265.112 264.982 257.23 260.014 267.79 262.506 265.25