0.0 0.2 0.4 0.6000000000000001 0.8 1.0 1.2 1.4 1.5999999999999999 1.7999999999999998 1.9999999999999998 2.1999999999999997 2.4 2.6 2.8000000000000003 3.0000000000000004
2 3 4 5 6 7 8 9 10 11 12 13 14 15 16 17 18 19

767.18 745.8 726.3 713.52 709.94 668.04 653.7 706.86 728.98 730.16 696.92 676.34 717.66 720.88 753.72 722.4
478.2 505.78 533.32 584.72 512.48 504.62 565.5 512.3 456.22 582.76 556.94 533.78 559.96 510.78 577.8 484.4
369.44 411.1 353.96 398.38 390.76 385.0 330.32 372.7 406.6 399.16 373.68 492.58 437.54 408.58 505.0 475.32
305.96 307.52 360.04 284.66 401.14 380.96 320.64 330.08 368.34 389.12 417.26 415.48 402.0 501.54 420.54 492.52
330.26 252.66 313.7 317.18 352.14 322.06 333.0 367.54 304.46 304.04 330.92 343.98 376.68 453.56 426.58 418.96
229.96 290.34 296.22 283.86 270.36 260.46 310.34 275.36 294.28 288.72 347.56 320.38 359.2 329.22 373.74 426.9
221.76 276.2 264.8 279.04 284.7 276.86 342.82 272.84 296.22 297.66 317.58 287.82 326.12 360.42 360.74 348.66
269.24 248.92 253.12 277.84 239.74 278.12 329.52 264.46 252.58 245.14 227.06 265.38 292.44 307.08 282.44 318.68
244.28 244.72 258.86 285.94 254.8 243.52 268.54 237.92 241.4 269.52 285.48 277.3 283.78 247.12 341.9 325.34
225.14 222.76 243.6 273.76 259.86 283.72 193.32 243.34 245.36 286.58 260.8 242.1 247.26 255.94 269.24 304.88
258.9 202.82 271.42 251.44 259.18 228.38 241.88 203.54 236.98 278.4 299.04 247.28 280.74 295.26 310.26 296.56
229.7 214.06 247.4 219.72 243.34 216.72 219.92 229.56 208.7 202.86 254.44 239.42 311.12 297.94 234.42 259.04
211.16 191.18 221.38 220.12 246.22 217.54 281.4 213.14 247.14 226.92 268.22 185.8 296.68 201.5 249.66 202.76
213.64 228.48 264.24 194.08 215.86 253.4 214.2 227.78 203.76 245.34 241.98 219.68 259.7 243.62 235.88 248.88
257.42 216.36 236.5 207.98 216.84 207.06 232.86 217.42 208.16 250.52 262.6 224.8 252.34 213.46 222.5 247.68
232.86 195.72 273.9 211.54 232.22 200.72 213.14 214.34 266.98 199.72 199.96 244.14 196.52 242.98 221.58 211.08
188.98 238.8 225.1 202.28 222.2 209.74 211.82 235.6 238.14 247.64 230.26 206.02 255.26 223.86 250.38 242.2
237.68 208.58 187.18 267.82 254.12 219.56 225.14 225.6 208.58 258.12 232.3 244.02 225.78 181.58 229.22 229.08