0.0 0.2 0.4 0.6000000000000001 0.8 1.0 1.2 1.4 1.5999999999999999 1.7999999999999998 1.9999999999999998 2.1999999999999997 2.4 2.6 2.8000000000000003 3.0000000000000004
2 3 4 5 6 7 8 9 10 11 12 13 14 15 16 17 18 19

765.346 773.786 772.87 771.972 768.69 769.88 774.434 768.166 761.256 764.094 751.978 750.59 757.98 740.468 733.786 735.632
678.886 680.626 665.24 663.486 643.792 627.45 607.144 600.624 587.9 573.052 548.84 535.294 541.804 530.796 502.638 514.232
662.148 639.808 632.03 603.582 591.196 568.138 554.294 543.62 532.028 528.746 522.352 503.804 499.876 508.822 475.832 453.648
615.596 587.042 590.802 582.79 575.11 537.53 522.6 528.012 511.152 509.828 504.03 491.264 489.73 486.414 491.268 464.072
569.3 535.266 529.514 517.476 495.082 508.962 472.96 486.514 483.054 463.664 468.838 463.814 450.82 459.496 440.914 448.218
537.248 521.68 510.802 487.2 497.714 484.874 478.91 466.434 456.218 452.974 449.36 440.658 422.286 416.548 420.31 440.662
511.926 500.758 511.054 489.848 474.53 453.648 453.812 432.27 449.392 448.646 429.466 429.412 447.558 436.094 442.23 405.004
498.304 488.18 482.066 472.23 446.51 459.93 442.342 454.072 437.978 416.426 422.166 419.356 427.912 428.454 418.072 420.292
493.458 498.196 481.168 451.054 451.596 452.062 440.84 455.772 440.672 431.984 434.558 412.972 417.946 419.638 442.326 424.066
478.508 483.166 456.802 451.614 468.046 444.448 433.896 426.778 420.376 437.358 408.948 425.794 421.22 410.454 414.15 416.454
443.97 440.444 428.14 440.258 422.366 427.02 410.048 419.638 401.706 416.582 407.578 408.106 402.724 392.04 404.082 399.778
458.718 447.428 454.37 449.38 446.714 445.064 442.856 435.036 418.06 420.14 434.088 428.494 423.5 414.892 415.894 407.042
469.314 442.926 458.55 449.632 444.448 442.336 450.96 423.432 446.752 433.13 418.904 420.536 422.026 417.956 427.258 417.718
455.992 438.07 437.202 428.65 430.064 432.23 415.602 407.94 419.376 417.25 410.792 408.216 408.668 407.85 399.358 413.832
448.654 461.1 445.282 451.806 440.522 426.948 436.02 432.574 438.718 424.012 424.882 429.274 408.418 429.016 415.618 418.814
434.558 430.054 422.1 443.904 415.92 422.744 427.754 416.534 424.06 417.51 415.674 421.624 423.292 413.128 423.41 421.988
442.548 428.268 440.118 428.838 431.342 429.204 424.376 425.918 420.104 420.292 427.76 410.648 421.094 420.914 417.926 432.518
445.168 437.622 432.47 436.984 431.222 453.132 431.866 442.504 419.404 420.866 429.394 434.9 436.808 432.542 437.176 425.206