0.0 0.2 0.4 0.6000000000000001 0.8 1.0 1.2 1.4 1.5999999999999999 1.7999999999999998 1.9999999999999998 2.1999999999999997 2.4 2.6 2.8000000000000003 3.0000000000000004
2 3 4 5 6 7 8 9 10 11 12 13 14 15 16 17 18 19

716.46 698.92 750.66 741.04 677.5 664.86 652.52 702.68 688.34 650.96 678.48 646.58 683.18 586.86 624.08 588.38
587.52 532.96 434.04 530.3 444.6 420.98 385.12 402.1 399.76 401.4 355.52 388.84 367.32 400.52 358.06 360.8
374.0 356.24 367.76 351.9 310.58 308.12 288.16 295.96 321.24 306.48 252.36 256.02 303.26 274.36 265.86 413.2
360.32 305.88 299.02 292.9 249.2 256.34 284.08 294.8 270.9 221.82 276.16 279.94 264.14 262.12 283.54 263.7
290.98 251.66 271.02 276.86 265.86 249.86 225.94 207.54 221.24 202.26 265.56 235.5 263.86 266.7 231.24 289.44
277.44 267.74 281.2 261.38 207.56 268.02 228.2 186.6 220.86 210.7 226.56 197.76 232.36 235.0 193.46 270.48
268.94 214.4 237.32 230.84 231.76 234.4 228.88 242.6 213.88 203.62 225.62 238.56 219.66 209.24 245.0 209.98
227.92 228.18 226.1 218.6 230.54 226.4 215.48 230.84 248.54 199.22 219.24 247.88 243.36 210.94 255.86 241.04
273.8 249.66 214.84 222.72 164.98 210.52 221.24 232.52 179.64 205.08 195.3 212.52 229.36 228.56 177.6 258.84
232.18 197.08 222.84 206.42 233.64 232.14 234.64 186.0 213.0 228.94 222.82 185.02 149.1 209.34 191.16 215.52
245.58 240.98 219.06 225.48 232.88 245.38 223.22 212.88 196.72 224.66 192.88 182.74 208.14 237.68 225.2 215.42
241.28 210.6 205.1 211.88 184.64 255.68 260.84 211.54 231.48 232.06 217.62 230.42 224.76 178.74 231.24 193.16
222.84 214.62 215.5 219.1 210.2 229.4 214.56 224.12 208.88 160.14 208.44 189.48 200.2 202.72 224.78 198.2
239.44 251.74 191.6 223.14 244.22 198.22 193.48 210.88 177.84 217.66 216.84 183.8 188.72 195.38 201.28 233.08
213.24 223.0 231.94 199.12 234.58 176.58 243.22 251.22 223.14 218.54 189.8 224.88 202.64 191.74 226.96 211.1
229.24 232.68 231.24 246.44 199.66 211.82 219.76 199.4 227.04 192.76 213.36 209.02 238.22 227.92 200.62 204.6
197.28 221.56 236.22 234.78 231.68 252.58 169.76 218.7 278.1 208.3 224.8 229.32 204.78 214.08 280.74 219.52
231.84 198.02 222.1 218.86 256.02 231.1 225.54 227.64 263.94 258.12 231.56 216.78 249.12 216.08 226.42 269.14