0.0 0.2 0.4 0.6000000000000001 0.8 1.0 1.2 1.4 1.5999999999999999 1.7999999999999998 1.9999999999999998 2.1999999999999997 2.4 2.6 2.8000000000000003 3.0000000000000004
2 3 4 5 6 7 8 9 10 11 12 13 14 15 16 17 18 19

776.536 779.644 768.508 770.944 760.55 766.172 769.394 754.074 753.368 755.348 740.788 748.074 739.018 735.27 736.12 721.942
643.098 647.894 636.062 612.538 620.452 579.788 613.43 570.68 560.76 546.854 554.21 536.802 535.162 536.404 530.166 523.11
546.248 520.224 519.744 512.388 507.77 491.086 506.0 480.184 477.534 463.306 486.2 479.344 458.218 501.544 494.436 471.252
447.858 465.668 450.24 452.476 445.124 422.28 423.014 436.266 431.476 436.006 424.374 439.312 457.8 454.482 458.86 456.358
427.694 422.358 409.434 398.582 425.994 406.258 402.178 394.454 402.044 398.256 403.254 408.332 401.878 412.224 438.926 407.552
394.692 394.216 392.652 380.746 380.458 381.054 378.596 389.25 378.456 387.666 390.546 404.11 381.914 413.61 400.782 429.858
381.808 386.064 369.878 358.096 375.886 365.294 357.79 349.578 374.72 360.908 374.342 364.82 386.538 378.448 384.766 377.15
370.618 370.198 359.16 358.558 349.65 361.306 355.75 328.872 361.312 349.688 336.514 346.796 350.062 354.614 384.802 382.854
350.384 345.632 361.928 348.86 347.938 331.07 330.988 346.812 341.646 342.328 342.828 353.546 350.598 361.874 340.588 373.974
355.598 349.438 356.964 347.772 333.122 341.404 343.128 345.2 335.972 332.55 337.482 343.596 351.742 343.5 370.742 340.564
346.192 345.99 333.774 334.96 335.8 326.428 335.032 337.258 335.838 321.42 328.648 352.016 338.836 345.642 345.844 362.286
334.722 326.29 326.96 322.92 347.684 313.878 332.744 328.282 322.468 332.326 325.152 332.152 342.078 328.078 338.506 333.892
316.126 323.788 335.252 335.958 322.534 325.364 319.678 323.794 322.968 310.382 318.016 319.55 324.934 320.572 333.214 346.59
327.846 328.214 326.386 318.924 330.596 326.8 324.214 327.374 325.03 327.44 325.222 313.406 322.072 325.424 319.41 346.89
343.79 330.018 332.88 338.62 338.0 320.17 321.19 322.78 316.956 325.416 322.29 313.374 332.988 329.226 327.696 318.24
335.156 317.046 314.486 330.532 320.234 327.938 308.332 325.382 321.04 312.352 321.394 317.882 335.258 327.0 324.208 321.85
335.418 319.808 326.492 328.848 329.028 323.142 324.584 326.252 315.504 317.608 323.088 324.61 317.074 318.8 326.566 323.152
325.264 322.246 318.564 323.518 324.93 320.416 318.56 325.792 329.53 321.004 314.042 325.96 319.538 328.218 310.594 330.346