0.0 0.2 0.4 0.6000000000000001 0.8 1.0 1.2 1.4 1.5999999999999999 1.7999999999999998 1.9999999999999998 2.1999999999999997 2.4 2.6 2.8000000000000003 3.0000000000000004
2 3 4 5 6 7 8 9 10 11 12 13 14 15 16 17 18 19

479.996 455.416 457.504 466.288 451.392 433.094 404.938 367.464 352.648 338.52 319.918 296.22 280.41 275.724 283.68 255.418
253.956 239.06 215.048 195.544 195.746 176.152 172.37 173.638 146.772 159.218 121.008 130.492 129.974 136.862 112.21 123.09
189.056 173.97 162.614 143.326 134.534 130.764 128.042 121.668 121.408 114.404 109.656 105.51 95.156 100.268 92.602 99.316
146.828 136.808 118.778 129.294 130.958 122.874 107.096 107.802 100.208 103.356 97.436 94.922 92.524 97.11 83.96 82.35
127.802 134.114 129.99 116.3 110.13 106.034 101.948 88.988 92.308 88.674 90.192 90.082 94.208 87.616 90.892 92.496
127.406 110.2 124.482 119.718 104.784 108.51 108.708 111.128 88.914 88.616 85.524 93.66 95.998 93.2 93.226 77.64
119.23 122.272 113.186 110.036 108.222 105.91 89.604 97.862 101.226 85.264 83.136 85.988 82.97 89.062 85.338 78.868
121.786 98.722 112.474 109.608 103.81 103.606 92.578 86.82 92.118 84.758 85.344 91.912 86.688 87.248 96.914 87.346
109.956 113.36 119.38 95.198 94.488 105.574 93.712 92.692 80.484 92.594 94.286 87.188 85.374 90.786 87.012 88.06
113.91 114.71 103.2 105.814 112.634 99.034 100.288 102.18 87.612 91.694 95.224 93.906 87.372 77.844 83.32 88.6
110.128 105.566 93.774 101.242 96.062 92.104 95.71 94.676 93.25 83.408 88.906 91.52 90.788 96.14 84.998 90.034
110.752 114.834 110.816 102.952 104.354 101.444 90.24 91.468 88.008 97.334 88.586 93.762 88.908 95.096 86.828 84.204
101.648 101.99 100.65 97.046 101.228 100.104 100.214 98.526 108.474 94.188 92.05 88.84 92.268 95.208 103.42 97.53
111.75 91.79 105.78 97.688 109.502 99.774 110.626 94.9 99.978 103.528 93.702 87.646 98.176 101.894 93.916 102.29
104.628 107.54 100.054 108.202 103.622 97.404 110.084 99.316 98.576 97.724 101.908 99.464 99.754 96.764 90.708 91.936
112.224 101.608 105.756 108.66 99.996 95.68 102.688 106.3 97.444 107.872 96.256 108.11 95.706 98.748 102.632 97.83
111.48 102.82 104.54 98.436 102.886 104.63 102.148 107.1 99.0 99.522 96.236 105.244 93.932 97.342 100.388 95.22
114.832 103.374 103.05 127.254 94.574 112.436 108.602 108.714 95.052 103.564 99.016 101.588 106.226 102.892 100.962 108.132