0.0 0.2 0.4 0.6000000000000001 0.8 1.0 1.2 1.4 1.5999999999999999 1.7999999999999998 1.9999999999999998 2.1999999999999997 2.4 2.6 2.8000000000000003 3.0000000000000004
2 3 4 5 6 7 8 9 10 11 12 13 14 15 16 17 18 19

1055.28 421.16 309.84 171.82 205.04 196.02 211.24 129.2 170.08 166.08 149.3 127.68 166.32 128.82 140.42 118.52 118.24 148.7
936.88 377.36 255.22 201.7 197.8 186.74 161.32 150.64 125.84 157.82 151.06 176.06 206.02 133.94 153.86 131.6 128.72 124.92
1039.7 410.38 229.06 189.58 176.54 168.92 161.24 118.82 123.74 159.58 159.62 190.38 163.38 149.54 147.62 189.34 187.36 142.4
1050.86 351.8 299.86 232.88 176.86 173.5 178.68 146.82 132.12 143.74 124.48 165.34 179.98 108.48 126.26 142.72 148.7 191.54
1125.16 338.32 220.86 227.96 160.1 160.5 165.54 152.88 180.18 170.7 155.06 141.82 190.44 151.08 135.72 150.36 185.96 108.48
1090.78 389.34 242.46 237.48 156.1 190.16 153.62 159.04 134.88 171.7 145.06 160.48 165.0 163.64 154.36 168.84 144.14 156.06
1059.78 477.1 219.82 218.26 200.92 192.82 168.32 133.8 182.82 147.16 128.42 134.12 138.1 164.9 145.18 145.8 161.82 152.92
890.42 334.28 289.66 197.1 180.14 199.38 189.52 179.2 143.06 142.38 145.92 139.78 156.92 113.46 135.74 185.32 133.72 115.14
1046.76 428.62 306.18 207.06 184.66 148.74 157.82 150.72 142.68 148.44 158.62 147.54 151.44 156.22 136.8 147.9 133.82 147.68
847.98 401.1 298.04 223.64 176.26 204.58 165.02 201.04 205.48 155.1 155.48 158.58 165.6 175.78 152.32 132.62 128.52 115.0
972.18 448.44 245.2 249.54 191.66 195.48 193.52 178.54 159.86 156.34 153.18 149.26 112.06 179.44 157.96 138.08 140.52 144.44
875.82 465.96 329.46 289.88 203.28 194.24 199.0 145.8 201.18 211.82 134.6 132.56 150.58 141.4 154.1 171.06 117.06 123.84
812.36 488.18 312.92 233.9 197.38 126.9 198.82 148.56 142.46 142.06 181.5 122.0 117.46 194.18 208.86 136.58 151.58 144.72
979.58 580.6 456.94 274.72 225.54 168.66 164.64 183.66 158.66 180.74 182.6 147.56 138.88 158.88 160.7 149.34 116.76 140.52
850.84 426.24 496.22 216.42 228.12 235.58 157.28 162.84 136.82 167.36 164.26 137.42 129.54 151.16 140.06 127.74 169.3 149.14
781.3 416.58 368.6 330.46 144.72 264.2 192.66 172.96 166.92 172.3 207.64 189.02 203.98 144.68 131.12 144.62 124.68 135.86