0.0 0.2 0.4 0.6000000000000001 0.8 1.0 1.2 1.4 1.5999999999999999 1.7999999999999998 1.9999999999999998 2.1999999999999997 2.4 2.6 2.8000000000000003 3.0000000000000004
2 3 4 5 6 7 8 9 10 11 12 13 14 15 16 17 18 19

748.6 714.54 711.38 651.62 721.46 679.52 751.22 682.12 653.78 693.8 686.08 669.84 658.38 686.44 675.82 563.66
570.52 477.9 456.56 447.62 480.84 505.82 395.78 472.12 458.44 437.44 375.08 433.22 523.5 435.68 443.6 402.92
363.66 380.72 332.78 355.72 378.74 302.06 387.56 350.16 348.92 378.58 360.64 312.64 380.22 299.96 402.42 381.48
354.2 302.9 320.86 250.72 307.58 320.8 294.2 333.06 309.78 261.4 299.94 295.88 354.64 324.6 382.78 421.56
294.78 330.3 318.52 278.86 252.1 244.88 238.32 298.5 294.28 340.8 277.18 281.8 303.98 377.68 318.34 271.46
287.98 259.94 249.58 261.14 268.56 249.52 276.86 203.96 238.68 275.88 281.42 252.92 301.18 276.36 328.0 280.38
280.64 266.24 227.94 228.92 267.84 271.18 239.84 248.5 253.28 229.24 239.34 263.88 237.92 300.78 244.48 287.8
258.22 262.9 226.14 210.92 231.08 249.64 246.12 222.16 224.36 249.62 280.94 243.64 195.12 281.72 269.4 222.8
231.98 240.62 231.42 244.84 245.44 222.74 251.34 237.92 238.88 203.5 242.84 257.66 276.88 273.38 240.7 231.26
235.06 284.08 236.68 256.28 189.18 256.04 248.44 227.58 216.2 223.96 243.06 259.28 189.12 266.3 249.2 205.32
257.7 248.36 250.54 221.4 207.08 217.7 252.1 236.76 219.44 218.52 187.62 206.42 231.32 228.3 222.38 252.16
265.06 228.7 212.64 222.32 228.38 222.46 221.12 203.48 188.7 244.26 231.14 238.66 232.84 211.86 250.14 260.86
257.66 219.9 205.88 224.72 205.24 234.7 236.3 184.24 234.36 269.38 225.36 242.98 207.02 235.9 261.02 244.14
239.52 224.28 283.68 203.5 213.14 208.42 205.88 221.52 221.48 229.14 212.74 228.74 243.8 253.46 194.52 218.24
219.66 252.16 218.54 248.96 247.74 192.48 212.36 210.88 221.06 225.92 227.0 219.04 232.72 202.02 197.7 210.74
236.42 226.5 201.9 235.84 184.46 224.44 218.86 241.72 206.44 209.62 227.4 231.18 205.16 244.36 195.4 249.82
270.34 233.16 210.38 225.08 229.72 231.76 230.14 221.22 229.26 266.52 250.92 224.1 218.96 241.92 225.42 218.88
256.98 205.94 241.46 222.94 199.72 199.86 222.76 187.18 235.28 244.22 211.44 221.22 246.84 216.7 250.12 208.88