0.0 0.2 0.4 0.6000000000000001 0.8 1.0 1.2 1.4 1.5999999999999999 1.7999999999999998 1.9999999999999998 2.1999999999999997 2.4 2.6 2.8000000000000003 3.0000000000000004
2 3 4 5 6 7 8 9 10 11 12 13 14 15 16 17 18 19

775.846 775.688 782.278 769.34 765.578 764.068 769.192 763.932 764.264 762.068 765.884 757.998 753.39 742.402 731.002 732.264
642.314 631.508 616.804 640.782 615.318 593.8 608.976 613.554 596.212 583.468 590.086 586.774 585.636 586.374 559.54 581.69
523.456 524.08 519.14 535.294 492.908 515.874 529.646 511.778 516.604 490.712 519.828 513.596 523.812 527.954 495.986 524.204
477.788 474.276 455.74 468.724 446.804 446.062 468.422 470.632 461.472 482.156 472.946 472.004 472.732 485.416 472.382 486.976
419.598 437.34 418.174 407.716 419.624 408.866 416.242 436.37 408.488 410.334 438.588 448.256 448.028 422.262 464.842 483.81
406.076 389.008 390.548 397.354 377.208 397.028 391.066 387.022 404.852 400.544 408.41 423.736 423.254 437.546 449.178 433.868
383.206 377.142 373.386 378.29 362.402 379.424 364.686 371.11 387.416 397.646 378.61 396.088 411.322 392.192 399.23 411.924
379.008 370.418 362.98 358.37 364.596 367.986 352.948 354.452 376.174 361.946 353.908 371.324 367.474 399.228 409.566 402.064
349.71 357.008 358.05 342.788 370.282 347.258 337.072 362.114 342.982 363.686 370.138 375.992 366.326 383.514 368.102 388.96
340.194 350.034 344.558 358.472 356.848 341.96 345.482 342.26 347.914 357.65 355.846 372.142 361.348 365.17 372.632 384.904
355.85 342.198 341.18 344.532 339.13 338.68 342.87 336.386 335.842 339.534 340.088 347.4 341.194 335.458 346.75 356.518
333.924 332.228 333.422 331.154 337.556 328.662 343.162 329.688 334.136 335.104 337.348 345.1 332.286 348.742 347.69 362.556
329.13 325.7 338.948 336.636 325.994 329.754 324.054 335.142 324.4 320.766 333.428 321.132 327.454 333.126 341.192 346.806
318.81 333.19 341.96 323.372 327.752 331.14 318.758 337.372 329.062 324.772 323.608 318.596 334.594 331.906 333.03 343.412
316.558 336.096 329.18 320.018 336.864 326.576 336.37 331.894 335.33 322.802 322.862 332.158 324.634 332.054 337.876 341.068
301.194 338.15 328.41 333.56 328.864 330.958 315.766 324.032 313.732 328.184 328.408 331.396 313.55 321.544 311.134 317.328
328.192 337.802 311.07 313.866 310.404 338.778 323.142 323.494 321.496 330.778 316.286 315.022 328.68 311.086 316.86 324.022
326.686 324.87 318.102 315.54 329.906 308.068 329.752 325.226 313.912 314.154 328.394 320.296 315.282 319.278 322.666 326.736