0.0 0.2 0.4 0.6000000000000001 0.8 1.0 1.2 1.4 1.5999999999999999 1.7999999999999998 1.9999999999999998 2.1999999999999997 2.4 2.6 2.8000000000000003 3.0000000000000004
2 3 4 5 6 7 8 9 10 11 12 13 14 15 16 17 18 19

799.0 799.0 799.0 799.0 799.0 799.0 798.818 798.69 798.962 799.0 797.898 798.232 798.204 793.61 796.49 793.546
646.362 661.69 634.84 653.286 654.978 631.334 630.216 635.53 593.336 592.42 594.7 582.038 587.188 576.066 565.888 563.258
688.018 687.378 683.4 678.208 653.792 654.634 650.318 622.384 615.892 608.424 594.968 590.49 584.204 559.714 539.208 555.246
592.204 584.4 569.132 565.748 561.484 552.394 545.778 536.37 514.894 523.872 519.926 520.112 527.044 521.404 541.212 519.908
574.016 556.212 554.066 550.95 539.772 547.42 525.164 539.104 533.398 517.918 526.376 527.722 495.22 537.306 515.004 514.486
542.294 526.986 526.716 514.752 522.468 496.874 521.432 507.444 517.726 490.1 498.024 503.15 488.73 497.556 486.518 491.85
496.496 501.9 490.16 495.872 487.462 474.422 466.876 468.134 471.664 472.784 475.28 483.554 471.736 458.586 480.944 459.232
508.818 491.192 493.754 495.118 481.204 476.98 475.61 464.94 469.374 479.412 458.152 468.694 479.366 479.382 481.0 441.762
481.058 480.622 484.924 481.278 470.16 467.038 469.496 462.496 459.072 458.736 463.71 455.116 451.728 462.896 460.834 451.448
476.8 458.996 453.092 452.604 470.318 440.936 442.736 446.106 452.408 441.39 437.056 464.254 452.156 443.88 449.222 460.23
465.38 455.362 454.92 436.514 437.632 449.928 436.196 444.712 443.724 428.39 436.698 436.062 419.946 431.702 432.478 443.738
453.34 466.16 465.518 452.758 450.756 437.278 433.914 449.482 432.884 450.244 443.088 438.944 430.706 421.33 433.784 450.064
389.342 386.508 388.196 384.114 387.12 369.854 365.518 375.584 373.164 385.374 383.002 383.06 387.738 371.46 380.43 382.028
426.818 439.634 434.772 437.814 440.514 413.178 443.808 441.046 437.366 443.168 414.93 425.626 439.284 435.792 435.888 415.922
448.32 450.67 448.074 447.942 448.586 440.812 445.966 460.774 463.454 427.52 427.932 450.326 428.168 419.808 437.154 437.344
453.412 454.004 448.038 456.402 450.46 447.022 451.206 443.252 448.618 446.116 444.62 438.404 454.89 439.426 447.614 440.652
429.342 417.278 432.772 428.724 430.722 434.104 436.288 432.68 434.668 439.326 432.974 431.534 431.156 431.692 444.588 432.656
394.076 401.182 386.298 395.232 413.252 401.59 399.314 397.752 392.116 388.956 397.422 398.522 395.312 394.312 383.886 395.358