0.0 0.2 0.4 0.6000000000000001 0.8 1.0 1.2 1.4 1.5999999999999999 1.7999999999999998 1.9999999999999998 2.1999999999999997 2.4 2.6 2.8000000000000003 3.0000000000000004
2 3 4 5 6 7 8 9 10 11 12 13 14 15 16 17 18 19

629.026 643.294 629.154 637.94 631.028 608.692 603.498 571.398 604.318 542.482 539.698 543.078 508.352 504.514 468.668 458.774
385.252 373.716 351.386 321.586 304.13 287.45 267.482 260.422 247.226 228.044 219.144 219.5 213.832 196.106 197.02 196.776
224.718 210.656 199.26 196.566 189.412 177.622 161.264 165.778 156.354 147.7 162.546 153.5 134.22 132.312 146.586 143.03
226.458 217.768 204.952 207.036 191.846 176.482 165.108 174.606 164.04 157.042 153.948 143.218 138.61 141.404 145.854 148.788
236.81 207.65 209.978 203.98 201.092 183.978 175.622 164.584 162.304 155.446 155.474 136.186 158.19 146.894 142.198 142.5
203.88 191.802 177.956 195.514 171.058 160.912 156.68 156.144 144.858 142.428 135.926 142.738 138.048 144.07 141.53 134.132
212.796 204.212 197.64 194.34 173.016 182.18 177.902 170.154 168.4 153.964 153.66 166.522 157.528 148.13 161.588 151.446
210.858 194.508 178.456 170.268 164.036 181.912 164.232 163.782 162.8 152.156 150.54 144.128 144.934 143.344 141.542 143.03
189.956 182.234 184.15 178.858 169.798 164.854 152.086 156.15 150.582 149.272 152.588 143.258 143.102 142.286 138.48 136.116
210.664 220.594 198.732 185.474 186.976 185.372 190.052 173.45 171.332 178.138 175.744 170.662 167.188 166.304 159.94 167.71
186.806 183.784 178.58 163.37 157.424 162.86 166.47 157.11 153.258 154.592 157.828 155.522 163.458 156.252 146.06 156.254
168.618 160.508 147.664 144.582 143.628 143.088 139.768 132.834 130.074 132.044 129.102 125.084 121.652 124.148 122.376 119.344
198.792 191.612 195.71 184.214 177.374 177.182 174.372 171.558 179.256 162.096 167.486 175.812 159.352 168.526 158.638 167.182
179.534 186.028 182.694 181.89 179.548 176.554 172.712 172.32 183.164 172.054 168.14 179.674 177.542 161.41 165.052 172.486
178.826 172.134 177.294 165.372 173.21 162.554 168.292 165.496 157.788 164.424 157.842 164.244 165.666 155.21 159.092 155.098
225.218 222.684 208.046 217.59 219.844 203.132 204.348 214.054 230.848 217.618 220.746 206.61 210.654 201.728 234.172 212.054
150.25 158.602 146.674 147.184 147.01 145.062 148.79 144.574 146.976 144.32 141.266 139.372 149.738 147.406 148.748 148.97
153.556 149.926 158.764 155.774 165.51 162.112 149.368 153.364 162.67 158.736 154.87 153.206 163.006 159.204 146.582 156.852