0.0 0.2 0.4 0.6000000000000001 0.8 1.0 1.2 1.4 1.5999999999999999 1.7999999999999998 1.9999999999999998 2.1999999999999997 2.4 2.6 2.8000000000000003 3.0000000000000004
2 3 4 5 6 7 8 9 10 11 12 13 14 15 16 17 18 19

727.4 719.08 713.96 692.3 739.66 763.36 736.18 693.18 644.5 680.48 625.28 670.1 715.46 644.34 660.42 649.84
492.58 499.9 475.48 519.7 468.98 457.78 499.86 487.78 493.56 440.42 475.76 451.48 349.66 407.16 547.16 441.2
388.24 423.02 327.34 331.44 283.58 360.56 339.84 296.64 357.44 333.46 392.7 363.88 378.36 480.56 441.88 415.7
368.72 336.0 362.06 284.16 287.08 295.86 262.28 275.2 299.82 285.22 344.36 381.68 321.56 427.56 334.82 337.4
295.4 303.14 309.34 258.96 302.4 227.36 254.82 263.0 255.68 339.68 290.02 301.88 282.94 294.96 374.24 292.42
286.98 231.7 282.08 252.14 215.34 230.86 248.66 266.08 253.02 281.3 260.5 237.34 284.7 303.7 263.04 312.12
266.46 284.94 265.12 234.66 263.78 227.9 220.2 302.52 256.4 242.12 299.06 238.94 266.82 258.42 264.32 328.62
241.4 276.36 268.62 245.76 261.2 221.34 259.42 239.1 242.42 242.92 258.32 233.88 206.62 247.92 297.56 274.78
216.26 222.44 233.3 216.4 269.06 253.8 200.44 238.42 239.92 205.04 189.6 227.86 262.46 261.22 248.26 254.8
257.6 240.56 278.84 225.72 217.66 221.98 222.12 243.96 234.86 253.98 263.68 229.24 210.4 218.6 273.02 254.66
210.94 247.92 225.16 256.08 247.36 219.14 212.86 235.44 252.72 227.62 238.28 207.82 243.6 238.2 231.26 222.46
233.64 236.94 220.96 224.26 213.22 235.3 213.92 237.24 173.66 230.36 251.88 234.82 245.52 248.56 215.84 244.12
226.8 231.76 213.24 227.94 256.66 209.18 229.84 256.62 230.74 227.22 245.56 219.68 214.12 227.6 212.92 222.22
194.94 214.52 276.54 253.46 237.08 229.6 197.8 231.38 238.54 209.48 219.94 231.76 221.12 253.64 251.1 211.14
225.52 212.74 234.12 251.5 254.08 211.38 192.16 203.06 227.86 258.68 249.84 201.94 215.6 216.76 255.04 236.02
233.1 254.06 221.94 237.58 229.94 171.38 233.0 202.06 248.64 237.52 215.02 197.08 233.68 248.76 211.56 226.06
184.28 233.28 233.46 214.68 243.4 202.48 216.1 205.44 244.04 193.14 221.14 227.7 223.72 188.7 209.46 243.2
200.62 245.46 211.8 239.0 191.26 222.38 243.34 189.14 213.42 193.06 240.04 222.16 204.18 268.34 217.0 245.14