0.0 0.2 0.4 0.6000000000000001 0.8 1.0 1.2 1.4 1.5999999999999999 1.7999999999999998 1.9999999999999998 2.1999999999999997 2.4 2.6 2.8000000000000003 3.0000000000000004
2 3 4 5 6 7 8 9 10 11 12 13 14 15 16 17 18 19

740.348 738.994 738.86 729.784 728.278 731.824 725.206 722.98 718.166 694.232 692.102 676.772 675.684 642.022 647.596 642.89
549.598 538.768 549.91 505.822 497.33 475.336 452.992 420.61 398.792 401.25 381.23 358.722 364.49 361.588 371.638 359.412
441.916 420.99 391.48 382.564 366.02 361.932 340.812 326.548 313.328 315.492 308.77 321.11 295.24 317.074 289.286 281.964
382.732 357.624 352.3 352.772 319.144 304.374 305.936 287.71 297.238 291.198 293.478 274.254 266.45 274.528 273.96 269.812
349.2 316.63 334.172 305.532 304.572 291.134 278.458 277.294 274.958 264.68 266.772 261.01 254.156 265.046 271.464 235.19
336.536 307.536 301.36 290.914 293.948 276.106 272.99 255.98 266.43 244.46 245.54 247.99 248.444 250.3 246.274 244.416
310.93 292.564 278.754 268.534 278.422 266.93 252.224 261.47 252.098 245.764 241.334 251.754 244.1 243.038 240.054 239.62
301.28 283.814 275.3 274.744 269.806 258.36 252.434 244.372 236.952 234.65 238.716 239.77 245.476 236.69 239.72 236.078
292.804 286.972 266.898 263.768 250.716 253.718 250.084 237.59 236.19 243.534 241.126 221.488 228.112 240.182 232.224 226.594
292.204 281.286 277.376 269.716 252.148 251.98 248.14 236.746 243.568 238.172 238.79 241.718 235.984 237.218 242.58 235.662
283.898 265.654 273.04 263.276 255.914 241.22 248.26 245.674 250.754 246.59 229.32 233.776 233.45 230.806 234.462 235.166
280.62 270.396 254.758 261.726 249.628 252.674 254.984 245.458 249.49 245.782 240.008 247.92 239.442 236.698 237.088 248.634
273.262 277.48 268.066 262.12 261.868 245.872 256.024 241.232 251.918 250.944 239.286 242.158 233.698 237.05 242.028 239.214
256.248 262.802 259.732 263.09 253.804 258.238 253.668 256.702 248.614 235.194 257.458 250.29 246.352 240.062 243.0 242.75
276.844 254.468 250.342 254.248 259.172 261.31 256.352 243.784 245.228 261.436 251.862 241.582 251.168 244.512 239.614 242.588
266.006 255.452 254.982 266.224 261.66 233.2 262.442 256.81 263.53 261.742 256.974 246.82 251.356 246.13 244.502 251.968
277.844 266.684 264.232 256.972 257.546 256.486 261.94 272.976 253.958 258.982 252.098 267.556 263.766 247.178 249.918 253.556
274.5 262.488 253.034 256.56 254.034 260.708 273.28 268.236 258.682 267.374 257.124 255.496 265.096 267.09 259.866 267.618