0.0 0.2 0.4 0.6000000000000001 0.8 1.0 1.2 1.4 1.5999999999999999 1.7999999999999998 1.9999999999999998 2.1999999999999997 2.4 2.6 2.8000000000000003 3.0000000000000004
2 3 4 5 6 7 8 9 10 11 12 13 14 15 16 17 18 19

400.188 377.093 374.075 372.645 351.909 311.795 296.378 291.197 269.471 261.015 239.876 222.273 215.634 207.781 193.953 185.053
215.325 186.947 180.58 177.72 155.741 154.014 139.407 130.219 128.736 123.285 116.584 99.222 100.136 92.524 96.191 88.008
158.784 140.883 143.781 121.067 111.018 115.073 105.979 92.114 93.38 86.834 86.993 79.462 73.5 77.133 73.082 64.269
125.316 123.96 124.561 109.094 102.83 97.786 97.432 84.666 82.316 74.015 78.432 82.744 75.177 67.705 67.804 66.999
117.231 109.065 106.173 104.472 88.545 87.78 83.746 84.106 79.389 79.555 77.928 72.524 70.337 71.977 67.92 60.997
108.71 102.379 102.428 91.976 91.534 86.66 83.48 80.067 76.86 79.213 74.02 76.028 72.349 66.505 63.481 61.398
101.058 99.063 93.414 97.097 93.593 78.277 85.612 75.536 80.958 76.282 71.089 70.603 69.419 71.231 67.738 66.748
102.181 104.76 89.34 93.744 83.194 91.654 81.573 79.471 77.708 77.559 74.029 73.025 75.159 68.061 63.632 64.651
97.325 84.723 90.565 90.599 88.013 91.525 81.906 82.672 80.266 72.112 78.432 76.592 72.161 69.208 65.912 65.589
106.746 94.582 93.444 89.678 83.816 79.666 79.277 86.567 84.078 77.906 76.369 74.699 80.624 72.982 72.558 73.096
103.525 94.838 87.549 86.389 89.174 83.666 80.427 79.794 79.035 78.175 79.39 71.597 72.984 77.193 74.166 76.384
102.862 102.22 86.928 94.072 80.171 86.493 88.204 82.647 79.54 72.37 74.457 75.935 76.294 74.766 75.567 72.132
95.152 88.102 86.47 78.416 90.331 81.862 84.421 79.12 83.268 85.214 70.762 75.374 82.121 80.884 71.164 72.697
100.737 87.908 90.762 82.458 88.154 82.722 85.45 82.133 77.914 85.043 82.668 86.08 80.4 81.583 78.488 78.537
85.264 97.534 96.57 86.753 88.031 88.548 79.729 88.583 84.34 88.812 79.26 87.226 79.356 80.824 83.957 77.265
89.23 85.785 87.003 89.491 86.783 83.434 90.343 82.981 87.736 84.689 87.072 79.062 85.325 86.289 84.528 84.423
90.211 92.963 88.541 89.62 82.396 92.546 90.78 85.915 85.956 84.589 84.501 90.153 87.884 84.699 83.876 83.593
89.272 78.76 90.124 81.245 93.639 92.3 94.736 87.312 85.711 86.161 92.232 91.47 85.057 91.108 88.837 90.592