0.0 0.2 0.4 0.6000000000000001 0.8 1.0 1.2 1.4 1.5999999999999999 1.7999999999999998 1.9999999999999998 2.1999999999999997 2.4 2.6 2.8000000000000003 3.0000000000000004
2 3 4 5 6 7 8 9 10 11 12 13 14 15 16 17 18 19

699.12 720.42 736.18 766.6 695.26 634.26 678.16 659.38 656.14 654.66 643.02 674.12 616.56 627.8 633.64 516.44
428.72 437.6 520.66 415.98 382.76 372.82 367.86 443.58 352.8 366.42 230.78 317.46 312.92 283.88 393.18 329.6
365.78 385.12 334.66 300.32 289.3 320.86 302.08 234.62 275.02 259.28 278.16 249.3 266.46 287.5 240.12 235.04
334.8 277.36 313.52 260.06 247.1 237.24 254.76 232.38 221.56 248.36 248.52 282.34 276.34 230.12 229.8 224.84
322.3 295.28 231.5 277.12 272.7 209.5 285.8 277.14 232.06 211.96 244.84 242.14 254.36 218.5 190.26 241.82
279.84 227.8 287.06 272.94 233.76 207.62 232.68 277.48 203.46 238.14 222.72 183.22 214.94 155.16 174.7 240.84
248.3 270.48 237.96 239.78 240.24 229.52 241.34 218.68 197.6 207.3 208.36 196.62 213.58 184.68 202.62 205.32
249.62 262.4 237.84 268.54 208.64 195.62 213.34 224.4 225.82 229.74 214.0 211.64 211.06 273.4 189.76 162.42
228.44 244.52 213.7 237.6 245.36 227.08 211.66 213.64 191.2 170.74 203.28 198.2 236.54 158.36 167.36 196.16
242.82 268.48 207.14 224.82 192.3 242.68 206.62 214.3 188.58 205.8 264.64 198.28 170.46 183.88 216.82 191.48
252.24 225.02 194.46 207.88 207.1 170.58 236.4 188.04 185.22 231.36 198.34 178.8 219.4 176.26 208.16 184.28
215.52 254.44 257.68 211.84 249.7 242.02 211.58 220.84 221.24 198.26 199.06 196.9 205.6 184.04 205.78 209.22
248.9 269.64 193.28 210.26 215.54 214.34 217.84 199.46 191.58 200.8 205.66 174.42 212.78 193.2 163.8 209.36
228.38 212.9 223.16 198.0 208.66 230.14 215.62 211.56 188.34 234.02 191.12 180.38 216.66 210.54 223.56 177.4
198.36 204.42 243.12 213.4 231.74 256.5 207.58 208.8 196.8 233.44 176.38 180.84 211.94 195.52 208.58 215.68
255.14 211.22 207.92 212.28 224.16 251.44 228.72 223.82 228.12 210.8 199.14 220.92 198.92 247.98 211.62 199.22
235.76 252.96 207.08 216.02 219.38 233.1 187.08 237.24 212.48 217.44 215.02 250.2 260.22 232.36 236.04 203.74
223.42 219.7 237.12 221.38 231.76 225.9 205.58 212.9 242.44 222.12 258.08 218.46 239.44 245.52 215.26 270.8