0.0 0.2 0.4 0.6000000000000001 0.8 1.0 1.2 1.4 1.5999999999999999 1.7999999999999998 1.9999999999999998 2.1999999999999997 2.4 2.6 2.8000000000000003 3.0000000000000004
2 3 4 5 6 7 8 9 10 11 12 13 14 15 16 17 18 19

774.292 783.056 781.742 780.07 776.856 771.626 770.566 762.208 755.212 763.93 747.31 747.638 740.996 730.058 730.706 720.434
720.94 708.448 701.492 680.262 661.886 647.54 617.032 604.502 567.274 531.888 514.976 500.066 479.112 458.876 457.292 423.638
643.496 632.59 616.492 589.662 563.44 545.41 525.754 495.436 476.086 459.02 450.906 422.038 421.302 406.486 403.572 394.834
606.254 603.15 561.43 543.052 528.874 512.23 502.11 469.552 455.09 456.52 427.802 426.686 424.21 399.998 409.352 376.336
574.514 545.052 526.166 513.154 486.964 478.26 450.042 439.036 437.528 443.396 416.69 408.886 399.48 393.076 372.912 384.866
536.906 523.898 486.234 480.672 475.312 449.89 443.932 425.778 419.818 407.744 415.36 398.194 395.142 375.032 384.984 355.248
517.214 503.302 470.942 458.068 459.956 445.08 439.33 424.082 423.366 417.338 386.066 397.21 394.476 383.584 383.324 367.838
500.228 479.57 473.586 456.794 441.322 433.238 426.834 428.134 416.872 405.574 391.9 402.034 378.414 379.568 375.984 367.968
479.156 456.988 447.422 440.524 433.182 422.912 416.236 411.294 393.626 395.736 391.276 375.218 369.888 374.294 368.112 360.122
485.346 470.166 452.256 443.082 424.958 429.508 422.514 403.414 409.13 407.006 397.112 391.714 387.898 365.836 377.762 372.02
438.702 423.768 413.694 400.824 393.582 394.42 388.26 371.926 373.776 363.788 373.428 359.646 364.014 369.864 350.49 354.492
456.45 437.31 432.396 432.32 425.798 412.29 400.898 412.134 413.244 395.94 402.592 385.312 391.904 377.832 393.738 374.912
451.194 436.992 439.352 425.986 412.362 424.054 411.392 406.954 403.66 402.736 399.538 398.146 399.452 392.8 373.746 381.918
441.522 436.74 425.734 420.266 418.196 416.12 408.582 398.842 415.68 395.868 406.91 402.234 420.96 384.59 391.352 397.196
451.796 440.398 442.528 449.826 434.57 423.652 438.378 427.684 419.924 434.394 425.932 422.85 402.04 417.928 399.166 401.908
425.32 443.292 432.724 440.278 445.1 448.612 427.374 426.794 428.878 426.28 442.604 439.7 440.264 421.526 423.146 420.044
417.74 403.48 412.1 411.752 404.962 393.366 406.42 393.074 390.582 401.646 387.684 399.762 411.478 410.322 392.224 402.768
439.406 443.31 441.986 436.6 443.246 446.894 454.796 448.32 453.724 442.18 426.984 453.116 459.224 427.526 436.148 443.432