0.0 0.2 0.4 0.6000000000000001 0.8 1.0 1.2 1.4 1.5999999999999999 1.7999999999999998 1.9999999999999998 2.1999999999999997 2.4 2.6 2.8000000000000003 3.0000000000000004
2 3 4 5 6 7 8 9 10 11 12 13 14 15 16 17 18 19

891.41 915.534 899.298 892.636 836.784 843.416 786.168 844.79 750.518 731.056 702.362 670.452 662.298 598.148 625.348 624.134
352.28 336.954 303.35 326.07 303.322 298.908 277.29 287.67 317.536 313.782 313.034 329.544 304.614 326.534 336.444 354.954
200.702 216.594 191.106 204.09 181.52 203.06 171.534 183.174 201.814 215.02 218.858 194.02 191.822 228.356 222.778 234.298
177.618 173.92 165.366 167.59 158.856 163.168 148.474 163.5 159.652 158.042 163.884 160.468 188.24 166.482 187.91 205.258
156.674 155.258 135.83 148.04 147.246 149.424 145.97 131.772 148.566 142.288 133.788 153.792 151.998 146.018 150.002 170.826
149.54 146.68 140.768 142.4 143.428 135.762 129.21 139.88 146.922 151.022 131.594 148.96 119.918 152.71 169.3 124.186
134.28 142.506 136.508 128.09 129.888 141.8 129.254 128.77 134.572 116.868 122.55 144.856 147.674 129.018 163.96 150.588
144.406 146.434 133.844 123.246 129.564 138.004 123.87 118.214 134.758 124.778 122.882 116.216 114.344 116.254 130.79 128.704
135.134 119.13 122.8 130.562 143.478 117.348 123.58 123.784 118.972 123.802 116.98 124.358 117.302 120.664 121.008 137.944
129.862 134.218 130.768 126.79 123.432 119.682 122.12 117.454 124.142 116.528 110.5 115.544 126.964 120.088 126.166 114.718
134.302 127.932 125.864 122.074 131.186 131.692 120.496 120.458 123.592 123.754 119.914 113.316 123.554 131.624 121.62 127.418
129.206 126.862 137.498 117.994 123.482 126.856 119.302 126.282 108.25 110.54 121.192 121.564 114.63 109.478 127.506 117.916
122.182 117.446 128.204 121.924 121.2 118.96 126.792 119.702 112.0 119.67 119.026 122.214 122.894 116.052 123.538 114.908
121.484 134.78 120.488 110.342 113.062 122.886 137.756 127.782 118.534 117.828 122.184 121.802 124.788 124.462 120.058 113.538
121.86 119.27 115.652 109.768 128.238 114.96 125.678 114.626 117.472 113.138 120.816 114.824 121.352 122.406 108.842 116.478
120.324 119.74 124.414 121.402 113.88 110.744 111.952 121.978 126.114 120.012 119.106 112.306 118.182 112.204 114.906 118.602
108.424 127.376 131.954 126.374 130.806 120.684 124.58 126.07 109.364 133.708 121.348 117.702 124.472 115.15 113.356 133.276
105.592 120.918 120.85 120.05 124.988 119.694 129.34 125.754 128.17 115.664 130.808 126.226 132.088 124.63 117.674 118.69